300.8956362780084 411.5196646763484 146.39491376437667 245.17048616009833 362.5586917615883 209.51552997336486 321.1500710713663 155.27641441924695 265.7005068301787 113.59525174265488 448.6821052800407 74.73618253887147 496.81059018958 161.49035102452052 47.707401044850705 240.75650521681112 143.04332653932778 403.9766303699091 320.8060495093769 399.9379570491338 
322.4782398494216 21.909617557037457 319.6826243469762 135.1645434904764 69.24462451110585 480.6439269784832 425.6430785872914 105.8537442577851 175.46385879853472 255.0398815409154 209.74074604594176 297.2703841268217 116.96251577512295 283.2603747038305 362.0447385111623 499.6073079538335 314.7092247282561 432.5611180590794 504.48369642767886 362.53600253020585 
108.9286776629334 385.2774664190983 326.71823266036074 495.9303767957835 447.8456706080823 478.21086523279257 109.4948966927766 212.4666902817776 418.012428979797 153.61811602227547 324.9350919754528 132.80290463888076 368.17229674504415 305.0065232858619 128.2118967135407 499.0403922421499 503.6129231460889 425.93807758232725 180.06789670843608 167.17142201460337 
452.96216456492573 95.04578667060476 364.627259939828 374.21514411954473 434.37953353945375 455.46535784870446 91.95512797510929 500.7456091475575 273.09677386383873 471.88517572796474 499.817416056885 174.51464403102244 147.2602484984801 373.41788661983855 494.09419008776655 185.87286326707135 64.02853668280156 315.49666415648426 192.2997607919637 310.6919468809229 
192.8783032306024 418.9991879255923 459.6625179865402 261.4911098079362 308.0714452457076 469.80254757645775 352.2178128799075 112.47127783122939 217.23688843674853 186.97224946405194 406.36680329700494 169.15964515874765 178.01984827900668 92.78828124307263 339.35453622112755 378.3680281937903 429.7519840815069 142.81152696272508 350.1203799922361 499.1681487935887 
92.09533943838937 399.19355885472953 334.9737788031954 380.5867437545924 307.6133071329408 155.43300523304893 457.54872123054895 316.7238685123444 130.22176901834519 45.78148717022106 137.48978740785742 74.99738492685981 286.47340679966476 297.50244630336834 147.32305854478884 318.2168186021654 61.62844972511105 409.1858229071558 131.96493593921403 266.1896389408485 
187.46488863872966 163.32175384986957 490.3220898555603 67.56319581104663 233.78136652320336 506.33646191143276 183.43550718557898 477.6053250485329 130.54574890786603 454.29342784843516 158.62191414413613 62.62686784720027 72.64261779824353 307.4629310033163 204.06562114727743 276.74903802950297 184.17279308505334 81.96317277735803 173.31394319059612 381.7190200858985 
444.2579127474315 191.67604268759507 144.12929130393076 305.47674315072095 501.3032987428978 38.64063329388006 201.15109212570962 160.17594185733586 127.67223303108693 295.1277313542752 156.82062744767993 265.36272863678 191.724673183369 285.5982536592664 150.02198430095103 147.01482938093062 149.17362515764515 501.74893313406767 186.89212175241198 108.14442018705361 
180.71228837211956 408.8482273848024 313.2533157629697 91.66789964399901 227.86505282159118 326.5656472444107 233.121059057183 181.2455455527667 304.01548944709856 292.49761532980943 312.7403905083852 210.7944166187401 82.5644768323973 441.59305589144674 34.604114693772885 78.37728782082891 389.17162406455463 59.68160617464723 90.90567378200525 485.1710656764967 
350.0329651940762 94.30790016834122 430.8800243743728 445.21762484481474 73.14829747339762 31.07478888354275 201.48559066117565 36.6602328897465 364.53099352283414 168.69879530026572 145.88035966701685 490.1687318885125 106.31368567985271 450.9807240045985 149.14536503529433 335.25655057498216 48.702797967081814 138.89483913862583 245.70850219101757 450.1926523730072 
392.7350147358279 230.99945990440168 27.92201446449021 486.2115861419011 165.7889706196095 165.37226431008273 20.24664889433918 261.7248604729778 16.80512791989729 461.2733403892318 208.49551209333632 347.2365066108409 183.16705527805576 83.73921225146441 38.59104585329686 186.66620357523766 506.19720414083554 439.31079451377263 324.2879330803739 225.78301309639454 
497.2203260928953 36.09864030643877 128.315260604775 143.4527663888117 81.14761638783284 466.38834327061693 306.39093944602513 406.4023701685607 269.53473047649373 494.9894103127208 28.561630846706645 493.2039957079671 140.06685199629413 161.5306853248225 217.3211823810905 258.1824891132368 124.42384353632801 429.9053984923325 466.96079637455625 30.94885858549017 
231.478647466124 43.0689698269388 133.60396101724896 172.2632252795364 457.7820910774017 366.3928017335584 410.37939248490153 431.93017175194865 262.2871627438546 127.77706631469891 327.18496257091573 79.42974422761061 107.26595432650353 87.72559183582372 239.49587876908322 402.98708365449045 192.3723179031953 297.5861334518905 495.6701322892322 297.78402745748815 
133.80343577508097 229.1589873323342 97.2044250658261 289.01557873001616 465.5133108504559 183.8771625041502 291.39364712115594 460.4945288948055 464.43152909569756 14.761177583766042 160.84700730973287 384.5072535071765 426.6401186144582 319.3517078932286 399.31404899300526 273.62390390233094 146.46190547362286 386.82307190029917 88.27355308816958 200.16605533809948 
475.4132765188678 307.4807787526932 413.73851161142545 354.0349114001199 462.97465616606985 277.84624878063613 387.7302896434428 434.60330040952357 206.1316781919186 259.53177600107057 263.8751476615206 397.3744257643673 159.64022912482295 275.10895998168576 461.57613413278773 401.11069908714273 283.96855660100874 249.1736202187491 438.2135687416972 426.1355547796662 
32.86942929709463 427.81034960639533 73.82725653132648 159.5115711323915 307.5355827822366 34.65993994348198 257.7334558913493 367.79791207344687 129.2915533851271 446.7926535164403 491.5297965515448 103.09017256057022 407.77501148435925 298.59049547313447 447.94132325061236 213.04597325207968 306.56070004273255 46.84171807119058 49.960626545870014 250.59911551386165 
333.18013077220434 155.25058113064472 259.7353817199252 504.0656535743849 405.4901549259329 181.56547683979434 391.65628332692836 493.3449593803338 271.34360208231203 175.52867048680957 389.09854359759595 402.9188501175164 283.51491392763523 420.85063488082784 129.27007263077337 47.351924730155474 156.83414894151502 179.41215180399283 445.61951231601574 89.99627998605746 
459.4823110687293 220.89743765493301 182.25717858502065 360.6036741896699 215.4011882918117 46.061135074304694 219.8420653099401 242.54829791465264 119.7708218261238 336.8326177026995 37.388042677501616 225.36327573732643 494.5077285217906 291.46047593857395 499.4423772799345 343.29397266094855 235.7369711172045 127.90042595553396 183.08971792750094 345.5712925421143 
130.19129951131697 163.64984139746895 184.23455148904887 69.10814279207044 42.49033476484458 505.23178120712896 467.61549255751345 109.3219658168879 100.2530525252207 505.5319700516694 450.0042287075597 509.78676106372995 128.99666051999824 272.19157127314486 131.04254102164845 316.4175167636133 213.77493682373117 135.2590262882513 211.17029988281197 466.89020329170796 
389.50922412587744 107.3040648609102 261.09771042410273 111.00060113815084 86.96512062771932 494.197007435091 132.27483056757967 82.66482856306567 86.32815592810039 439.7564602261744 422.8115131082158 369.2649425116041 355.33135469023534 312.4684758294814 438.3009922159786 49.04258589611648 273.88798762526187 467.48052963871766 212.00009072282043 292.2439169855285 
372.18260257459633 42.07314268909101 273.81924249080106 146.71878283315968 334.1733260276677 67.81244533849605 482.57548131672274 453.6774656153187 143.45878490212215 307.58682160061835 360.96151243840194 364.30795263603943 373.46257559313744 350.7306640477419 497.68388026221976 52.956988089777546 248.88855188784314 124.4383902729823 206.22359797152345 347.5778983156256 
230.3998997296801 104.67196317127663 254.6720700962966 123.14845236015486 499.4752965057256 134.7648238849834 106.09567742896147 428.7617980112179 345.39518617175446 384.9256175091646 233.88199320247136 444.09357493233534 81.31122574419163 110.8445347207254 201.52088443155768 485.94846485213 241.3522362222416 494.6057202070002 321.2734263550956 410.58912025094816 
435.7195458312868 476.10862693731514 331.18206641967856 382.55073522442154 365.7250325738074 108.20153991040675 154.87479065372128 105.64437505475415 125.72484711117326 93.73041291683863 433.61670279514846 236.85200406923062 43.90211923726882 287.70608176181304 145.062055869343 328.81671202163255 438.8515432856262 72.79303846571176 248.15980012841277 271.6308066298666 
293.91915690689746 141.32278890957133 418.6658397853516 329.6252911319419 476.2504208998881 342.0351609820501 64.71510343234765 493.8636142857294 252.499538278663 374.7502839465788 436.9065572468788 496.0428726732226 478.15342945804167 241.17484822912186 272.35428450130007 454.50569918673085 462.4231937065753 485.0453030153048 37.1577269519509 248.06576051269295 
135.6564625734511 379.81152262624005 456.7443122063237 338.3501831722199 271.2234717131271 347.06373689754696 148.53742480858133 386.3618868134092 138.83031269349627 13.906088892834669 296.4029935707399 133.9650958857652 91.21215023319095 442.4797977153684 431.327813077285 145.99699721589676 211.1598031238903 189.83913701228616 507.7825477902837 133.70872148256979 
270.83262702014486 481.3833000673433 90.22283098069322 205.23895511170346 380.3109669674201 406.04731364777774 89.18132868183253 13.822917279840743 327.3411662796466 166.45509012772578 111.40401325265464 399.4402432399722 235.22639591168948 42.237783779070604 113.48376634123457 244.60463904340344 290.8162946633138 349.72056682918617 173.44441054979143 389.9984875183871 
419.54868808534945 306.1808682418783 319.728300767528 80.65559467946403 409.49635034760064 331.8813733602109 482.04062290138137 38.395148394817326 111.37206576333135 448.08072678468017 253.50348999277566 381.2099928039072 466.44508461503324 54.225158394329114 278.5730095275 235.31238344494642 239.32203998650257 492.52420957755385 206.17234114628963 10.540397365000889 
457.5454984770273 433.1135150845831 272.4940191460696 434.8279508307283 184.9632897338088 238.0079032500586 202.92455525414996 68.44178890234437 380.8216945461614 87.04798233924498 247.5445252848151 143.68832125773267 221.535610360581 274.0431442154612 289.65712908356437 200.7936573534178 387.0889266971303 206.31427601684103 91.79851305012458 115.6598233427361 
439.018009534103 265.83930848039995 368.6829005248441 240.20027914463404 41.931732032379536 315.2045302483585 501.5356293397856 500.9580198319444 405.5208724353442 256.5651208949547 333.2673169077701 426.70910033579645 449.01021593293484 176.8177016235347 108.94210686436821 200.75510232829933 315.0063638649202 237.1881887340913 250.99333312009074 458.6072220926732 
484.6944566668171 90.43813996652077 283.63958886538643 176.7655168694168 371.3368623623149 233.8925323677703 345.95433894531385 123.29608907052591 394.02701837916874 331.4922623709834 358.0422605868809 465.90961546518986 158.651519470622 163.07438496591303 29.77535031308103 258.2441683670446 498.01359854112604 484.08330441761314 26.54200810365075 150.05549378253957 
248.07103727906332 203.91598929203263 231.4621850653529 292.01792079320495 262.24181358272557 416.10427895920054 168.52170508897174 30.83895164737848 290.73042954999414 438.5375890259163 276.0788951845964 115.39074036178985 476.8281040833955 146.9289524834728 345.1966610494144 259.5615204844328 347.1400383765894 509.7275661865844 62.25319098836234 32.53011903860802 
297.69272599241685 357.6810811975627 220.28419004856835 172.1667104318243 202.87460148024144 46.250609171527174 288.5101217858665 42.26291382182755 399.1629433633559 294.0816721408196 154.5012440403185 79.29431694293042 420.590448378769 105.7341312043477 478.4337857538632 199.41869007239433 487.90426986556395 311.8743699088001 223.89027844973612 261.41284275487635 
378.37089620594986 385.13268214577874 54.65721431813602 306.2513012830166 428.17988945790603 314.82906212069787 411.9731376600387 419.03008365243306 44.399617939671224 448.77061071310544 211.68033790834482 183.93843333952523 228.4381556418797 335.32348383808323 225.73313549426138 327.98185195028907 237.96232204011375 223.96273496412448 337.5161262184904 274.15944482544495 
139.22826242638197 507.5030109247576 485.4252226582227 449.7987520120198 126.77638959539172 14.213255738927224 234.16485454421925 320.7511941706829 112.44402367418903 183.01863117185357 38.21430447471862 247.15116799323616 210.64877072316273 279.9926783662195 386.91641051529393 381.4420734364611 371.8957645554388 439.3429106489546 145.64165302959037 454.37228872026964 
41.46192043607987 437.0929400745632 32.480838663614165 419.6641556042364 345.21032883340723 230.6642272274263 294.91948451018305 53.0593447930363 429.4878671033435 422.56064997628204 275.9469477381442 226.4434069398335 207.05923551019043 431.3590067803482 184.05362350509716 202.75292752692164 386.0304470359656 278.2084378987415 506.5690440966822 422.36813207085373 
283.71498855758347 22.042159499432604 130.7943101445883 376.6943934589736 52.39566421755336 501.704385985971 362.3817799986004 289.63541708407257 68.9354242491561 168.19563809783298 155.4151463563248 452.66150715530887 365.19009694951524 415.23969580752964 493.64320248023296 184.17583513843547 101.17627863275007 441.37507692064935 487.3201402583097 508.88205037353856 
207.94751159817332 301.77438608365117 375.1058277242674 277.8561351968805 452.1317926041742 432.994567842485 245.47887476599942 75.02572913105087 299.0835977621041 58.86113651066387 417.11589366004193 380.7601634714368 76.60353712132056 10.689621380828564 42.689841391812244 88.27405457889469 66.17876898035362 120.0472739613998 125.54074236597512 93.54787974585997 
273.6972685688974 467.2581826401007 263.6718386541884 304.4684472757135 256.5891444655267 393.8548973352981 60.52428384535324 39.892472301091544 509.34799681300365 312.1797877680425 266.9835505802017 414.33641957540925 34.38562618007245 470.33906282711035 344.0706492088948 428.99561242173866 350.17306850515774 455.71285719915505 260.7712345212061 114.79591435963064 
313.6211271351211 345.22417490052663 466.4558879777699 198.1808671100239 258.65353013139463 35.570136861061684 102.34449220448559 385.33772933457175 77.92587268077615 411.61842277924114 141.46791439804156 485.5651768749483 499.64343925559086 136.17219421153436 271.58022460374576 219.48611257375725 436.43092007418267 469.3064449946815 460.47440101801413 182.80849917950536 
408.207448057277 150.4791218430876 268.1546998479307 61.3374287239759 166.0196839838254 501.61997984653175 95.31896598048682 317.94157656775303 268.7864393718079 34.40030336881732 182.6037080913338 197.17701135836208 489.90768027160374 469.8867737222423 300.0454044354629 18.27179594413091 55.691278562826234 203.78234962290435 191.21088157609805 352.17408599262546 
342.55038001926414 375.45754983513916 461.4500497549901 303.36724703844123 284.9247520075354 323.9750971423625 224.7240942054296 242.15484944610677 370.87911791983646 339.311100711069 448.4622384731019 458.1188049678497 227.33155435904027 241.97585146925704 60.90010081500718 330.4536720200455 421.8652375732982 449.2375081488698 10.35299443485698 235.88038963280832 
233.07646242149704 311.15158097545986 90.87710694349242 39.842403866609416 266.41226134491967 124.59950928111829 473.7717123623512 141.6874056721903 417.45058760465355 358.5393927607771 509.3756528070419 169.5378414280395 309.576259874935 248.67197520754192 488.6110457286669 45.553195339574685 458.00580009003755 44.72507828290294 178.72751717988783 267.2872906159754 
37.11427595321536 318.559520827547 72.69992070866448 375.84368683990346 253.01723902711575 366.2997398950703 416.73278646730796 206.532252807994 448.3609480452688 362.6921825419271 205.3246054260993 142.73015244483634 191.2739646387786 50.89459887423658 458.34500328930926 218.65025228781198 225.43320308440354 375.899353813558 219.57800213512894 41.72010991441376 
283.19771870853776 94.79392160986876 341.1845026084425 130.27478650270075 388.76310421173343 22.061684289144836 243.53700214872646 387.2663262468375 403.2898642299523 193.12605277745803 464.87984226949123 55.693402863405005 188.95878268350907 354.3412293293745 440.2679593933549 126.45391258049465 393.90636638254153 312.6325517714727 74.2373391269066 294.3238760095319 
484.9935768803549 302.98965995766906 296.66031611751595 182.76563318280836 280.3609526699278 157.0155478817493 416.23876663934044 183.26854887034625 358.7231958791869 180.73464126095666 211.08837702888184 379.92526833842936 347.3564037914322 274.8630795200322 320.86715060134367 154.94676674045581 215.73108267645597 455.7442414067218 129.90113872775322 195.81913171960878 
326.74395662067445 60.152681992274296 455.76070399042266 249.80544534858078 122.50186902929727 42.16962832136294 482.7402824702619 96.49567145823478 446.6107783129826 395.3330636292147 504.69487485242036 334.1077915458577 129.9229628927797 358.26571502844183 166.68632653602805 200.24328530469487 91.69567917967524 186.98384419820152 19.89255565399799 272.8000909320023 
333.1142572773842 402.09008519766047 329.2328450680143 21.74615988375738 325.13285943825144 44.05350088258269 198.16234606879706 307.4566853539096 417.5859717025812 94.77988225489081 200.0888390662534 46.318286784375594 21.52380532248609 348.67542869640494 330.8650070330234 389.30300989153267 441.7246225212187 141.40700105467369 221.80922600783754 384.2156070546396 
361.3372935742385 469.56205200448835 177.70803528993756 217.31682716677884 105.60705878478338 159.41126546551237 229.2534667196198 255.02627292600548 436.6376123503923 367.9771696870995 14.36830254389714 231.40752113968497 256.14277599108414 324.6117818577652 427.8723183277577 52.13901559093125 218.14074895047668 346.28634395941845 103.94287470794998 310.6735435241265 
378.54415381177813 284.79644241710616 420.822664855324 237.28966001211194 133.59884611348343 189.08544087921862 342.2279777173656 426.7380090977723 324.124941899996 90.88950750303636 34.91054095198564 315.18577558744363 507.5127070917521 446.90728156456555 326.8259944251063 502.1623765763486 24.426908096389077 395.69732293180255 195.36225562349122 138.20941424194265 
112.17243518359965 112.50646745147007 100.080712371364 223.93824857982557 441.67445904379395 170.2322131619145 99.4236122356784 291.197999276554 80.0262263511473 439.72227155807735 315.84055793155403 62.05736892162272 505.5575573107691 187.6144050959405 438.7873104746775 306.3033239956576 427.3772739451494 154.91966653590683 80.05008133837414 243.15964213218888 
286.3426183743299 24.552172488385807 420.8483700758283 457.9287085420438 439.4087669103749 311.0085304863373 215.16948023638432 429.25936520676174 154.3116370563306 330.40006312391307 338.7878408169214 387.7442590600059 166.53705225205533 34.040907607756345 198.42230705542744 351.54953374156696 175.5293906765919 113.79521249119522 440.4844746755084 309.78021801067734 
282.09291333462687 412.38640935505174 23.871252169472882 149.2842708872289 493.93877480212774 296.87185198581915 346.2546395470528 45.598506222452585 51.330975188636266 278.4857896390569 238.3220885225593 163.7394573504916 449.78426041660174 287.05391850998296 265.4202770835361 139.54234864307196 161.7672032981985 133.18259348311244 401.05571439190237 437.25133520153946 
184.36349113646338 316.42576174369634 261.70504248826023 304.0640098704038 164.8445890012633 462.6329275655186 217.38834271694063 167.33343938949767 481.1069720449907 298.6810049668389 317.4585331345889 445.1307251435999 278.9268911175311 197.79343087897342 96.05982581844884 365.871436008308 92.98595072707793 453.6495184538824 446.7086842397232 17.70866660714109 
303.6205492880156 66.48724061603089 380.4500447272032 473.39628082020266 306.2483303172843 449.40253151831007 107.04223101067505 461.3250826835158 395.4247131469008 88.0482252267713 503.62348605677806 178.43535158477962 490.4827821992082 311.93584222853843 160.31333784527533 465.70859192807774 454.7093910509814 460.54322015307184 317.2019207387977 191.94183359045041 
385.0109652239293 352.4312030264394 132.18033870886208 316.5075084315044 374.0217146413966 90.57248603160583 344.06522559883587 226.8020789914894 371.6078328210661 362.09575931388116 20.47062221426287 71.08641856198372 397.7203453146889 15.648214276925302 204.88029189360918 432.4212715015197 483.55012113470804 324.5796713924498 402.37360552571494 314.40075200209793 
342.93798162499616 469.15122533095035 468.45809158997935 34.38706489260039 400.9929399531238 395.9718415252545 90.46185296607922 244.94958177369384 431.87204584847126 337.86572174312266 175.93886040757226 429.211415092042 182.6744627069583 402.3737721978483 87.54034305263751 340.80650051383674 485.4034342259312 262.0922413675455 288.80537899856046 484.1505201952731 
483.94876396468874 105.05153695181379 90.3237908292161 355.72858417771965 228.0434016642517 128.3386504896275 310.7244453968683 292.1029242741137 11.146808150633394 483.1658824174642 291.9421856821176 395.34363315833235 454.2086293252792 204.58937432261564 333.2164009010579 131.58567694703527 462.2654963532535 284.08042801804834 233.27439935354082 323.415284766248 
305.8243223653611 168.15262273014847 255.1528025231533 381.7886865471493 203.9849388618124 91.24808628003765 453.1099125812613 248.18654468720146 411.25552036471584 276.0858458681176 426.0822829815962 142.70711415102238 435.01370383694206 159.67548395736958 187.13867899102453 338.80117489862363 135.56649751206487 428.19923720661404 463.38440079794793 310.3520133592834 
85.76237366595312 268.9655814100318 365.7691672198451 221.8034111570004 192.10827117097762 372.6374590206025 493.25176734468994 357.0389736851541 204.34506255089147 343.9383971047301 160.774421082729 207.7156710546384 365.4342374543799 304.039363106615 65.50017889793108 66.75496499128869 78.90916727553181 92.82985586409202 330.76632032204344 97.69446498738515 
95.54397478542131 104.2759637704964 492.2069511354083 475.60329729324553 346.2931686120854 413.06881674375984 115.49797115901904 320.2643796481427 173.45514466418288 475.76642839291054 360.17734804636115 267.3266400502363 337.0126510056835 314.63206074524584 428.99415586686797 148.1302569807552 298.1034933655184 217.37226811183345 467.2391089785709 373.90826858121625 
406.5743356456714 110.97765187177293 101.51002390474305 245.06740095620577 244.57101044738155 392.86965039093616 432.36516695482163 31.251399770575 503.1182871111958 127.55621331639377 420.31774521576614 292.8899872597684 393.64222544318847 141.99976269334275 229.62444277478355 39.93655373349141 221.38831966811676 177.90039072858036 219.32144233879956 448.49758275685605 
372.6885347047971 384.0974023494061 395.9607484299327 481.0572208377266 93.03036107337569 57.29251373515486 267.500151739512 380.999756111114 57.88085269403619 164.2975951781168 162.79987806260138 137.13349508043677 363.2191352399778 304.0102806269173 206.1789745482212 138.91883543411248 187.73011461091693 392.3204179507886 261.4847709851614 368.103923414456 
503.61280986001117 478.1506189478734 285.1282788687724 97.47081669193047 337.95617052561977 223.8339166636022 152.53883244101632 192.39545554005053 211.635858580152 208.03169591002933 147.49109149419343 235.92436698927332 507.68463515529214 334.39511689371597 428.75734877746856 323.07148298627277 146.09000734449538 254.17296314975462 413.5385784462885 495.0379339069981 
66.97186837430051 335.969219371203 142.12703800865287 409.05808296591397 149.0933580369701 340.85341836493797 313.25370747142847 464.5750167723989 315.6582168430975 86.02686528281333 304.57373949382867 231.44830681657507 204.34754413701455 505.2479608983558 117.7429099533127 150.897566334641 403.5492299083511 139.2195793409811 312.5382464563196 104.88461361068973 
381.7331158289003 214.1418598937055 119.47603654063553 74.63749421889109 361.92506211588324 91.63328258465764 45.38018076026395 234.01948991269728 18.232986926639818 498.22335365075395 411.3542674882414 448.44625863153186 496.37802880880434 67.61994569248591 387.6100999349793 275.0540954958791 385.1840069444135 353.95439135547383 214.60630181202376 184.8226790533627 
390.9781918762643 99.20746103941346 424.94963900655756 352.3551250086662 91.85667693896693 163.01946130581095 505.5125533113757 484.01879738156214 273.7672252472708 148.0874317482285 64.21983242301032 280.1497254029335 475.36302775043055 379.3526062159231 190.95755835015993 252.02390845499133 493.58022857873686 20.181328496146058 327.0575750947724 239.29858460828083 
226.8925153552399 233.7424803125671 82.81042775813317 98.62663702825968 358.1958057874336 422.7845782174791 67.46010706656374 159.14711322120462 504.27616057386433 206.0156158616978 421.1334881391481 165.55524373377617 83.81417373256055 414.2888864509087 363.15777886564047 54.45478253909463 280.87873569295874 14.79775383895803 196.21901945387387 34.69602964662687 
105.8634984893172 496.4826480450317 330.81478087675976 67.4025481585404 180.8190985847763 374.85330952457457 19.454129855229922 466.3897686717623 501.134217069608 99.42947974979826 115.05810869005 464.67845972078567 50.51867804913228 272.0030363525955 293.01372679833867 217.80640989736438 271.2416239866528 208.92490077087217 301.3346489377876 339.6413040674284 
16.578032146822956 505.61966077175987 428.3816850078356 191.39783012226556 237.416487970214 386.53110540755836 502.5962924878222 269.5624643455906 279.9815801073374 248.7018196688385 363.70002876331256 163.42867008503168 296.6238366681803 432.1898911042336 369.81329478577874 177.94588702914015 396.6304444809275 375.52596880360613 129.94633339386013 342.58539223045165 
289.00985345515465 439.41367858534466 276.3156784550691 151.9260786248676 294.2033774580036 306.876564003962 215.93921559654794 508.66338492478764 226.67690497449672 493.05471720623206 425.9628159904552 464.74437420748757 275.3458868398555 122.85419847152167 482.17195355703825 481.33223605436746 133.78668823794808 259.65233023345706 135.14106961058303 53.30322073843457 
257.1874387261182 193.26202774851768 373.47421079529846 168.97912757874406 247.99150845871324 220.3583378903734 38.58964100639017 200.7986279053544 497.18677044659654 75.57020294923588 180.50193451693002 447.6303100602297 333.1936764421235 296.44064699207274 469.0544484461623 174.43076040526077 55.3053845179624 430.4585096963737 100.05533533785481 119.95076520322245 
353.6330143580139 117.3648395316405 260.7702659305272 68.19262324258145 242.50911559190763 204.93704512425737 344.22498936055325 204.32195582048845 259.30255557649014 181.4540098121719 226.77080029713014 100.73685121796582 305.59786352700917 333.0451378398827 48.36609612946651 303.9977116551721 132.69225602785994 159.12668248648458 60.027089979892246 118.32071809185301 
98.36338455088793 204.12825379675192 227.90085893795046 306.33823243208406 446.8609443294382 88.7128301309803 408.41387152027255 52.82913072951189 489.07530815072494 148.69317492885597 33.94896140974817 162.12222676471748 184.83631323883952 214.84805368358917 373.50416342498386 84.87590997606641 254.29519715290976 191.84114134571044 57.786181333175804 494.9371682915423 
70.34308281891798 219.44586241586305 183.1919444355835 261.98304161183177 209.01875902524102 324.27926628753835 434.131145473311 290.6476802174469 159.85927943500127 95.24808696682923 288.14296718813074 321.8381618835724 323.1461823246448 40.910011499052814 493.2601992851524 416.9420594361992 46.00063430970801 411.95344406505745 132.07365883413834 470.6301099736176 
74.28060201570379 396.9987565494535 211.95037290129807 222.95686945341134 422.23309791005823 224.92417470784224 345.8582241068168 366.46264798967417 286.8547048358658 331.91953287915044 213.25055887814315 468.9797473963288 258.9134887933295 376.4708414791793 115.46375339222564 57.84623299133561 207.5853815750755 10.478918847927224 65.0807042602095 336.230250021801 
340.65826573578624 439.71524402834126 473.71363010326513 127.26803849367445 67.25666841369892 431.81796539938154 127.65916224893047 266.71888400875457 415.0404715730576 55.03146388492391 265.8788536516082 289.83995350172535 378.8305712620968 55.89231252912612 199.7582519046635 383.1842423040726 202.61467366351843 409.06501253333187 39.09767662363383 197.02480867030968 
221.8862909171997 197.53043322681572 213.78782099096486 239.10825024717096 18.2702027231894 106.33016842837888 105.62326186242898 195.44071410520152 263.3873461218942 438.0699862655483 229.7070317532537 148.80953264914191 253.9123584813173 183.38532786336037 29.899445137535054 290.7434901791843 264.7769111768952 304.57224431102685 477.7641647408993 347.61498750814224 
472.47184665224904 15.586582032143795 289.4647337876008 66.58720998944894 325.4013569292334 466.6147873402888 200.06469026718113 232.10933166773705 363.2422944866954 366.41938244953707 359.68431409323154 308.6629465885918 112.26173064174743 200.66215217090638 40.96731320918916 430.4629276172942 308.5458933311595 329.4083133563857 472.3102722710029 83.81557970288982 
326.0935584484809 372.0146951456904 236.3083003467572 452.83762693881727 311.7271793714002 412.60502698875297 297.86983909883253 24.238710366626883 153.7746239439862 184.33561954412187 351.45375868959496 171.8708352911848 36.47492648289879 15.654285831829696 301.881885415419 66.74776915414964 457.0609426986639 446.7560075330293 318.18017399171237 383.2375493373449 
207.4721996171025 49.43808578154051 24.90144870161947 397.1311876244901 447.65089172194274 108.55812115212376 20.383041815072325 196.29071206646324 122.3744383382847 448.2979905990075 36.3923913266047 349.57974101197567 98.57734113640004 311.43670038819806 178.6135948677639 504.7795549601881 25.115812654891037 324.8355472727106 312.4282612393069 11.193983931728981 
41.928074910173294 209.33845577837778 283.4436452431451 287.6460797399339 90.54357174859888 17.29079346421596 287.22118001651614 281.569812627671 202.89418399798942 305.879662410165 327.65862724163463 489.89976537686135 270.38056814031546 279.49894271914883 328.4789035539478 137.46217984005904 420.14671873816354 59.34193354937233 87.27868058766713 233.5702433195224 
250.51593866666198 363.4251692123145 386.58999952092546 352.52690641320595 302.5413211087957 505.246013708464 201.40788952581383 108.73825013826576 269.62382678294586 244.27755535690338 67.63719745803425 422.14062317099166 72.15114604225913 146.5037736945277 300.9117113236791 294.6445856402101 49.11036598474771 238.1980644420376 380.23875133026235 443.2988542360398 
143.62775514830616 361.14833685636336 435.9223594882857 260.87728134575286 84.38860024786726 262.53175809078834 406.218056679499 199.59217846262317 189.8902547919824 77.6422806513326 52.17254030200868 298.63684149087146 47.48171029036801 488.67408345001866 145.10126533135892 201.2606217202002 444.1424736353835 467.7640141148077 266.15710681909655 132.07962733573572 
50.954258809367985 137.49625618908445 282.44316215194493 430.32604533429475 488.21830257783375 407.07220829764077 189.12297677477267 359.73938105433734 23.171607429477373 167.34883243965098 131.98105426009744 40.80269832278121 277.25518591861623 452.9484622108764 49.88709461479362 476.0268407763658 444.88741223062766 104.64336909378723 501.6168179814538 263.9859893069304 
150.69566315941572 90.21798448558148 366.4826052835255 222.80750266068372 197.1592909875479 267.0121836362077 233.22712962134867 268.8192508545075 79.61712908453882 494.34845838585494 416.6330125278303 21.05751882453082 270.59260624153484 129.04632899466282 166.30170496791186 227.33869369530885 400.38962212910474 62.22702684508218 257.054616014697 232.5976901502633 
85.9123306769034 80.61157106692917 275.4097822186521 335.19649492978095 284.66184592617464 460.5153788989836 41.58697766816609 501.90561729956397 175.8631326378591 327.74257381536717 231.49464343956095 37.261979252531205 195.67517443836834 441.5830008453913 388.1515327095473 428.00593170402635 478.43745454308436 186.11522114853 136.99632729363802 208.3009416195019 
80.90595732364407 177.0184989984968 44.53834912622122 316.43869966437103 491.43183379248734 17.096989908146778 184.8024026536785 38.73310018293823 51.035771632663476 358.71911697215 103.02099459083068 261.30594367893895 38.331283626891356 56.37550434664095 491.02693348448184 375.46767576885856 295.2499513885779 317.5582873047262 13.799529457314266 307.39624002326843 
395.52184197408013 385.16520876524845 351.6174897081612 267.8170643694158 482.8641305536246 409.63140741536637 147.27159975674945 442.3875155153366 30.83117279720248 293.99216203802587 172.79037169061667 468.48867343066405 401.2789819217578 420.07965735236604 155.1317158746817 169.12789072956213 203.39739503417908 289.05692049413597 325.2938807111084 139.6548660563775 
80.26300665099356 234.49199716945455 380.29861632710276 407.99472984705216 174.86593423714518 491.1756097412493 172.49979560241346 14.10101685321046 152.5635867770139 27.885273149447436 65.67071290978659 479.33175930635315 281.9145869017342 177.2990922978032 22.322865571760044 261.45176509887654 200.84596915719547 221.26240679824164 111.70977740846638 415.9643185846397 
120.10665965046206 214.61023475940942 252.96855389582888 309.47525289179924 340.9605496488004 455.74881934605474 132.85265752830566 355.79273193347143 89.07220189666253 137.19931547760353 362.50879034595147 370.465627679007 291.53819302572015 334.3068123591358 62.751122625501466 264.4638569484711 49.017469824715434 115.31762863029014 192.28593723447267 422.70359682072467 
179.91364451312523 181.0282807162683 58.339880219212425 238.12068703834603 338.5624093450208 67.2090574411761 74.14483124653536 396.99514222508094 334.37721547924616 68.00534444284239 452.7326776021358 136.2301158266693 403.90632566178164 163.5199257472867 151.49296438722342 318.2882870195134 312.7543968322875 359.7792533050737 506.94659658315123 294.48882250822936 
289.3216388707579 474.2869081224364 124.18880031877165 152.36811914983605 417.3137689262156 25.367336921661757 210.45434392164603 67.80729678639807 238.97579636750731 508.5030320842679 167.25819256023098 107.62980741135979 446.00289877632315 467.86816058036965 380.56478704797166 453.37194751216356 160.08129363733875 396.2619102205993 273.43893807720093 141.9298073524508 
430.0124890801844 121.6446669673986 310.6315823331292 43.785358354763204 197.37382950401067 463.4799675417922 269.5534625363391 424.51519372059175 107.66855925187102 67.08560555807051 217.0898921823935 60.2847091303667 168.9185697601422 449.19686895010483 256.70964094993826 503.03111572565615 384.65278140401 412.94497027204665 235.3212617333919 216.03824730481207 
113.24454525636934 115.45406859493734 224.32969783121675 425.60634159278237 30.550937750070332 196.2596130311459 214.34662163102485 159.51993260497298 197.8072030756976 499.7515146415774 88.00730234432046 68.01695573478267 361.72952550391074 49.84496988982739 60.34740570335677 247.96219885940306 238.77903256195427 60.08234181538768 401.1926908109741 415.92821971995875 
160.54045339723348 387.3689183647887 379.01477236260735 400.8868516947095 82.16830718053447 462.54590562400915 490.70605126707034 52.21447410074292 80.85389314488022 356.00373988664876 166.72700796233897 283.7140462083006 96.26607259660146 261.5387223986184 266.07887577126206 99.3572263894874 289.91921507745315 306.65624325306726 300.5549593739379 71.4494452003459 
25.421086672806226 222.52366160623492 452.7235598623319 366.9213469503048 96.55412342526215 31.77597085220856 77.09575282742037 42.449464832690786 455.14301313504234 37.37730475140254 498.93109642843604 454.10940633457324 315.6618087143712 20.741580788802665 50.134422762242714 252.2646635940809 138.53366401526856 182.3152436245358 406.6968155594472 57.39409073017037 
119.07632216571305 482.8252894288079 417.13386419533924 37.56126339582477 434.0464510588824 168.39571650299467 236.37440507568823 233.22879610727438 122.73603426152856 387.7354972972531 204.55279940729292 100.12075436912109 104.57384120567774 434.6012209517267 35.15789508337829 365.83630792847515 460.1852035561649 273.73751264758334 501.99185952947676 420.917676496308 
227.86308809057954 133.49833046618676 439.39186360182407 90.07562975312993 92.40372651174665 73.35237642779856 495.167903966746 254.27549984493822 468.2599080133171 59.4755845723725 200.7097552289362 419.38695701067365 103.96491562181924 206.6339115779661 47.71631316006968 452.1006294817119 459.78046173019715 469.5595604173951 386.00027931745893 328.81469536004573 
235.52152561509016 192.0237321634953 81.82151918471297 368.1945462421385 50.51135522062149 46.809010366585404 501.2020105964929 43.10869872387695 402.6197781448202 24.784551345591257 507.67564379880986 92.64404982831431 158.33777491235017 256.28716618997385 288.926017149666 279.9035742605352 450.8416420088938 73.01146408863184 451.76518806297105 266.2896526635906 
487.99976109079995 343.61213905762867 449.90671319033953 197.97611015338344 397.27510440495803 241.22149890240195 33.98593371841129 225.2720984270986 359.4766232176677 226.08548612436718 38.28076154520465 300.58091189892764 408.3126679139184 151.52115922241225 443.58594829017596 225.65697174052107 397.6994710818477 26.398865472745495 280.694141330269 43.86399749940377 