295.66798357050556 589.1771575831133 323.49790002628697 192.8960976452528 436.1467106804134 80.93224595246889 402.0109443281547 164.4657108175305 268.3915031613027 101.57881247530037 105.19048495814145 86.57001686542291 404.9959470497846 401.6221949969054 544.602141303045 574.4465573470883 532.3488926095287 364.2354440115826 353.7493747532686 345.7174417126344 
584.7119786156999 377.31948910126044 367.2473640987362 324.40157764421065 336.8882846713437 462.2406160505501 54.135038550482676 605.9007870877011 324.0761601260958 605.3388857898188 88.91901856254303 204.05395433526527 547.5017707830538 188.30137889256466 393.94329733020714 51.352773607858595 174.42430020547795 63.49380290137454 536.6783103212514 273.41279993249464 
391.1073602202028 170.34451161163605 515.5232033644725 308.79365239532643 117.35055189977521 138.87436182857496 117.71506735154114 395.26216744262206 241.17472714985266 276.46645225644113 582.9387667922165 93.59200709389297 382.2549592391032 483.9692549720335 456.2313135632228 469.99382819328326 542.6946695801273 197.22702767919452 463.77432815421133 508.2694326268602 
353.73489674690245 200.13128094701713 595.1685084586679 72.78381240693646 176.99237408433902 105.28686229296534 325.7837333498106 293.3489163527632 68.82010238210987 448.3867040049013 462.77861827132386 193.1126186449343 566.3843566595915 492.38862221963245 448.38327972307684 530.5469707926973 404.0515855463107 387.58831696998703 104.0389425873898 176.62925752464693 
218.67924512275147 283.681938366286 548.9883572823679 498.3095760437796 452.4041821681039 539.9122747469061 376.9105668105524 369.35900901023183 411.5222376408986 129.39210230738956 124.19388787139461 579.6917038909814 190.05297591175167 83.69863134338654 613.4407846866037 564.2549603322736 116.58329551078155 373.8325573244477 105.79850417722044 522.5808214783317 
332.98338434443605 373.63573687057453 145.70903938275887 550.0932127775869 263.5892087680811 601.7610370816781 131.67241940137228 552.2639766784914 283.4449502952582 588.2882397110532 396.61677204197804 62.71197639625082 244.19926193522852 462.07959780685377 131.46916193764673 236.33868420776605 466.24906639374666 204.96898442720308 35.52091406174265 238.59424417183823 
155.7247368362441 268.8782444639704 527.1809560095444 201.96757225342157 354.91024386756703 201.9545327186545 298.7112600257461 270.7943809309671 84.69215860127859 479.8224057275987 148.53787790743243 405.47678514295586 287.6312340534708 288.0444817724168 374.73145753794813 367.20832747883395 330.2502446277234 351.8841728223005 563.2508548806622 54.298092881493034 
173.1319266255597 259.46461129812457 554.5438151246663 511.1876747705853 467.4206950786884 274.4171815277051 322.09821611199857 81.25481037531392 186.3219217228545 384.11364020132896 246.53783432739252 124.4973622493681 550.1925790496877 279.57539215910003 418.8562115167571 71.19142352350909 153.81687879418084 513.1538387639966 156.3825419822534 132.6172641016114 
554.4607053238395 430.07546801019834 265.0731452091303 139.94697135158745 329.2986645121117 619.9453398700216 531.7225019867108 532.3873728568973 160.80744574412813 384.30300706793764 79.68728903859139 265.6721707759949 258.7191611751706 66.32421633097564 571.7175825494238 361.99687090506296 377.12859681835954 238.76251524060163 393.4885449039369 372.4903599954655 
235.34791888257507 96.22430196035708 501.42660856337466 373.3168798241617 101.10281017023564 547.8710808661302 168.42390501880024 266.50208616561804 244.66349501933064 256.6427876887743 611.0345370040424 306.57698139659897 522.504793002222 21.095808615145888 431.74658048853496 324.1335027596892 299.0885391662017 445.9495435462335 559.9235353322327 67.38544325821701 
265.3623724475251 197.4350887846178 525.0089367792644 232.8285185008727 62.56867260839235 489.540153100485 445.5878511428579 306.0932788204309 169.95715111992922 597.2434561130065 467.8991690238744 284.0846844552208 464.9951311504988 542.832816813621 337.3922450718977 299.5019939439206 614.6690265527418 251.40037339301222 136.92171269460027 118.83282375545537 
406.4710237162374 221.60885162567422 375.1743490597601 34.915078478407025 77.66441806465696 507.8226135465009 358.9214298753428 25.160453129521734 251.4215688311644 359.6970773378623 532.6907219832749 196.53332760513146 38.428241285669934 415.3205307342473 219.45149513779126 288.37884871238805 412.54784854250784 494.001834985619 345.906607126669 354.193782875665 
319.1396526947859 584.7979388685513 485.9851017207594 93.43402883234099 124.62444187432816 176.8748651891811 106.1294764281413 454.45255669760166 165.89152393638722 227.79589704206637 245.970867313329 479.661327436348 308.1408081779047 215.83085425674994 217.98637491308332 514.011294397975 569.7536772076977 272.38006659671345 259.73197967493513 247.88378614225087 
22.786389084909956 540.6067866210271 222.24490885175226 615.4874929114679 327.6798683062992 256.3719751088071 128.20918491040658 119.85433362535323 610.77943353372 397.56497396902245 183.47808774776948 305.52845704634683 543.2585128673517 97.92395930262737 375.5473635901043 450.0416316399967 430.0396576275697 571.4399264680226 542.5728100510722 95.26913025658122 
467.30716920156163 443.43784500696705 146.52604787267836 589.7597262569236 277.20452921818054 134.42891856622506 134.08222058308365 563.1335361695983 578.3108000856421 92.82743120987823 418.83349071013674 203.64145514259485 600.489458846807 22.62629854186971 468.42173850842624 559.9800767388301 602.7036928058566 402.1246575122139 430.18468499622804 438.45557064732805 
402.3915885886644 539.8015909746989 378.90879608631303 216.5905752623443 574.9952565017172 163.4295488572788 220.2829526785308 444.2676189353908 532.2374336105962 288.521289321735 533.6464893672928 53.50297039024528 437.73946882207275 462.20398671042256 587.6254480510698 347.94458856809416 268.57426468327014 428.61445929678075 112.25077873713307 93.18790699000262 
281.3481194150781 611.909060819415 161.15220418854778 179.0033151288414 91.40511988919481 162.98206811702207 347.42154776187664 474.56893329706486 323.74778319682423 465.986345772427 86.73919190876865 447.8025748349067 144.26778974338112 550.7500172649945 231.35748904163307 269.88655916061543 329.880554691065 407.1828296623668 428.5348950545861 476.0790593609223 
86.15732422146263 147.7660441688003 287.0144996783733 203.90599210018684 571.048556851085 514.2195976755856 585.140764193593 179.82689659794966 33.29243273419056 174.44022010932613 304.20812726987606 575.4686897539335 424.102121545699 405.8043197787823 420.63538333266354 204.5211330905282 490.7256027047157 310.92932598641 340.5594718734972 81.38756331567299 
310.47183393435927 61.987386041915386 610.4423988211794 112.68482499418545 373.7969143969169 419.6649137189759 487.28512061469837 42.68604206706897 75.04419486221346 122.86196228837332 102.04217020980435 323.79997448186793 619.4317084569675 95.22511139366603 299.8305919095775 533.180815720673 104.88117396636157 164.60757715209456 590.5271832979444 306.5620836115292 
487.28186923967735 541.550257098589 593.3476424589219 110.40835739183788 87.7833986834562 52.87764734333809 309.00128348441905 523.4786519903038 50.71099661086045 76.50216027650738 103.01536995855801 48.895178025669786 510.6971356208383 473.530677372552 233.82250143358064 27.81120249286962 177.62322929726454 363.76720070383936 509.20495506380536 175.77183463076148 
597.9650598208601 540.7051560840816 204.6897795109162 212.8612954798814 301.13586730555903 272.10319804024624 327.488225892318 408.7307236121455 189.42068227829324 582.238315402606 259.57340676315323 613.6000174264113 280.09573529585236 461.92990442731235 163.4899243659072 496.32755638545393 458.326645817194 202.4285680080203 284.4891400911281 260.64152063533743 
49.43923773590684 399.2634107089594 432.58383085353734 60.62664691238855 169.15663451737043 322.1416552312038 78.11615913691148 86.56004630143735 360.39631594242417 96.99416676025615 244.43244760215663 442.18993516157803 375.2211783223971 496.2607063363469 131.25872524509043 84.55090031276455 110.53795385188069 283.5088260309953 152.37062987566856 247.40968838029457 
456.1370890786245 208.47982921022975 421.15158473134005 519.4349928690006 163.6675767377365 98.65584724881273 67.63284740731075 498.1851260461885 195.1407023487691 243.4416213787573 520.6091924542093 291.007339777787 159.5561864118259 417.054777285927 438.42421474624075 483.94255275664494 396.24486688555555 236.21836442228937 122.01856346513875 549.7291275680336 
613.521192676793 498.7493627109952 393.8353396721604 215.9995042051258 541.2396862357595 499.13695990429346 276.1759807244797 64.7635972300579 405.84897232201286 267.2043335638916 352.600788512303 184.27237427304294 386.5369811822114 25.947638105759022 245.96742030271238 44.3557421122089 161.06133894727876 114.64604263769299 396.7014768148194 516.328073090011 
399.85851325689896 573.3364440357218 474.8926895965176 108.55562774899586 417.0255346939501 334.74673228010386 109.81061433964992 438.7791572689339 136.76801849899692 319.7813442557056 570.4333903184087 114.28561525266726 283.9081864480468 482.65265670208765 180.58358434649205 141.02291064320127 257.04685923284774 201.75229873490494 402.2645497977329 332.7511261700243 
492.9728197135923 162.35584968733144 70.79142190373722 541.3241475182261 80.91359337923126 427.2548641123174 415.31006811453676 279.19541819104563 335.2212922544177 341.40977463100666 448.2981728503237 55.24160879722362 585.0871617865844 66.7176904640445 257.64186036689034 94.99785761926319 189.87885693178893 92.98859315727344 484.8818786006482 66.39835778292989 
538.6938500443629 21.223746172868843 223.22280583037957 582.1161579904649 342.72304596283294 465.2902534812039 518.8994058396067 199.59570626868464 479.01807395237665 68.08517702279516 409.4934101324505 389.8721780380262 594.2562559003571 178.28334040059647 182.79499146766145 496.27098831360973 427.09680536181787 483.7621437353763 289.8022027933477 254.08161428099496 
357.7221093299874 247.79762880315175 95.45251620697972 592.2991235873559 43.15784849435161 144.12512385776512 200.67993718887237 188.52740495064802 146.96559775496837 436.9584256256294 219.39157392386912 398.13781382222476 321.9018102770797 402.06124573673145 243.95748117625027 128.7768139630815 554.1368581471346 434.9646242690638 582.8072696122848 181.3166093011294 
527.627831748601 42.42414048858532 503.7275280232131 128.3423424593295 217.23890055878292 63.21054746596054 466.45370580527265 351.2696442157166 269.2030492437301 214.32770982600854 478.14998905949335 407.18639191708957 277.51882634956667 608.7515115442479 555.3713585800251 46.512170534754276 414.8758702934941 440.78353705054553 426.10112616526175 352.56961177883 
26.703060059168852 385.1131791432101 555.4580704652992 224.1608054461644 146.93291671890995 405.6820976729461 128.66657161800265 372.2430791177744 244.0761165984812 420.444588622691 374.8838882389639 151.7975326058371 56.199764558647196 618.1177383689211 165.47790002170098 299.9841717609641 123.40325691680758 173.0150434498536 370.3495176279095 201.67749742636084 
176.3854495381347 454.0573303929958 605.8930875944674 53.47617510253442 89.6968488608104 374.0546246350304 358.18875700853715 447.2805204097468 458.2706799655852 475.35276285335084 415.02068447101544 444.53172542521605 605.8264466362448 97.93855420443181 90.31442283985608 162.2063151131026 383.73982411016135 326.0971015040627 274.58774919382375 241.65989750508334 
268.9726380463126 359.7152621882165 295.00820045298116 321.4135672094472 419.65662288845266 306.3246142204228 118.65146939705896 584.9771376652243 96.92470868046746 139.97820629775583 382.55415644647553 404.802628774508 211.5837127958812 323.0543547032958 84.15464302684785 253.46188581614103 504.2219576507826 137.08147558453004 315.71606914973273 603.1421004907498 
417.34582944293356 118.6777201549164 376.3248010508278 84.55293565671127 268.13880345667985 146.69907526264595 345.05848327708156 126.3390290773853 80.43679451423239 476.68963870929935 348.91714600056105 46.09161797233137 184.51363974488535 568.7280312757724 109.11142171738886 314.0529926376179 43.270272739401165 304.76344473179336 99.30122141019571 60.60766844943957 
313.42149013844244 541.5352207311812 399.3790450318033 248.65380123186594 100.2741692356211 95.16965209414919 78.39132556241665 81.94884706164758 114.69029673189455 203.54789690845146 90.19185185793926 170.5230227833418 390.82900249800537 62.53839743733827 215.4207008341262 324.2543850233996 573.2610612997058 182.1880921271233 533.4027823187193 395.69930302354743 
132.04975682912487 458.9656204773455 57.55943158662829 143.2720492047887 214.39172745921132 410.1506615448364 317.92699644810665 235.86727831201023 591.4116925349583 166.4629947649814 224.37610871484557 70.01907881738477 308.70471885147833 369.0250617632682 494.12538574825777 220.69044342847502 599.2197875518366 466.75170277703035 77.14327426661421 96.78682896818634 
367.0783881499342 460.26101176336914 163.03192963680465 122.48760329864093 500.92199378866616 488.39981841027065 302.9865969582236 515.4891255520438 425.3820326799381 603.4777545379477 130.42467773719517 283.25315452260014 449.26620536641553 231.30351592543624 513.8777472937642 208.35441641917302 219.05482980681654 562.1171563500678 525.74061282195 544.0210581251811 
536.3010147507903 68.51207404868232 560.4710929876878 490.96166964392745 347.5283836383258 496.4405497399434 485.8341306582815 76.57271363456914 65.22013607868959 25.396509827664666 460.78414763535545 407.62003230587396 328.4931110293079 243.86926216580213 203.57935580314523 217.48832768750208 462.05072366621016 336.16206128930247 443.72169663565006 579.0921469651596 
442.00837301122465 26.669004622303 241.31622629249793 404.54230019180125 127.18528618485837 577.704389259123 207.44373000575794 302.6613806420268 464.45628459134343 486.97788330804593 209.14021758465944 115.44217654105161 126.75745131582633 80.80954751601841 92.57713291428523 204.54265784643871 392.3393236209821 549.178289152029 108.03595162693965 508.91139386919883 
23.861415479443565 518.6976274051018 270.271075818182 544.6370720014022 455.9217521438564 609.6124103891975 437.85446305776225 68.11586157819713 349.61524404269215 172.91026913363865 45.09618914009233 273.63039595939335 122.71463117746134 553.6416140542439 170.13422536229905 146.43416603233624 614.0677671949305 576.5418385843802 572.7875269564781 142.43505798809474 
590.8047820850063 100.04949522798346 85.76598615544616 315.5716274070132 356.94936206446755 34.81433670152299 492.831163234326 563.976159900383 272.02728773620413 572.7886879136198 377.50129983343294 616.0179985855759 538.2664556730996 122.99620685218393 375.8946843669874 527.3210411198985 364.9819223772199 600.0715045981276 617.3047978271996 209.84906091409576 
168.73970849547317 261.66466912447703 86.10128743651205 264.1527150176281 417.8932285778344 440.80415862958966 588.5502456313747 535.8718351821216 480.08600826337715 469.31198836389285 158.14776583441844 167.5869674131269 381.31439771801365 238.3649404494065 483.06036425711045 67.1136179357887 135.14422484113211 592.2954300788207 289.2661542531369 463.33326476187585 
450.6748601365696 301.725994521854 162.99035799424934 170.65469560178667 377.8446948796381 512.1309086855615 46.029117984743166 133.19940497354946 198.6716341157439 113.91890706736365 187.55516189386375 169.80496440995253 23.022396015945915 430.1305024364184 285.99918040429844 190.93990639084532 297.5044292313657 567.8440017815144 104.60058331475757 508.62407613487875 
386.0740207247245 329.3835981024005 194.2215874721192 210.44806787365002 530.9545800645069 129.42349106122944 307.0180201391942 518.7855164582361 52.458641367587845 114.081875516915 434.56101936135076 406.29199950188115 396.3075197019901 228.09822792832293 554.0030283491028 88.78436114195618 187.04218548735102 126.18800234034207 115.88200168934698 566.5941276883385 
196.11924453093434 374.66828663816364 257.1576182633553 135.48878600819404 283.2857436989571 539.4481061007211 473.07304764529664 338.2546887916246 519.8264082291216 106.47735856240848 231.43629284715965 378.0353262557247 252.27744642652118 530.747920692534 562.9146159507138 564.5187686646476 415.2001209471057 259.94074429873785 210.93587726740304 114.0678985238161 
151.60831628819398 528.8127637957782 274.7907281906001 574.8872859997113 549.6435922628625 270.4172236395392 229.52900111314287 498.320527589052 254.09162674226457 40.25128710080264 156.24447350304553 127.37156631266946 261.3335419130607 199.42463799664884 166.34145232831776 223.543943097993 556.3262363810826 352.9428607581046 153.37710111392732 303.0917345539143 
200.20518607597234 589.1992076338944 156.07318380960749 503.775746822336 27.103509952491073 416.76877533737263 566.09096446726 53.21891293515047 58.78120600772401 444.59856135569623 364.16311125024185 459.95450359409165 95.6580809186271 601.6872657661226 118.17619625179137 98.2610228062809 92.84431905227859 242.34865299531356 426.7976977594093 607.877438526048 
79.76230803059386 233.1521203194645 442.24114561628284 79.69250797713693 131.95359954664343 67.63426518939448 55.76321349855691 348.5020132087684 453.6645555591068 604.8752009964297 479.4865015775513 63.92765314862286 579.8046524393164 378.0333641893849 508.14175527120045 560.5911618370557 455.87109601543835 568.9325847102155 294.32325908346616 98.63775226313084 
304.4334026935085 294.79515818829844 20.85112888425678 195.70226326180273 536.7719169946067 603.2145979835971 203.83436232801142 521.4120239562149 118.26376422569338 321.46197092155853 310.02828582686146 375.52000542942466 346.1101862716494 56.21941881407662 322.08013707712274 320.7621981136007 147.99893356963076 189.8347472576272 435.25667636488924 91.53278011065287 
360.29545114690444 469.1906167476827 219.24744495007246 449.47093893642113 394.3565809571108 533.2824277068866 528.637344707591 607.0530504831803 249.56066591761308 275.59828694459776 195.642617770933 390.28399275596917 581.6476124799908 287.3950264458813 88.70360084345776 261.58130264785007 284.96288207295663 377.96403304646816 270.5281496383758 273.94602036483127 
197.1988743724374 317.98043520866554 139.17964902492355 377.5138180068503 85.22776661541508 502.02967814599316 185.803052836491 449.5803060893823 220.61939261167353 376.4049932783884 552.5829002106543 369.1941905079933 403.4378188683463 428.26969044774626 124.52708769299952 607.4120977344813 242.91060828311205 482.27784593086045 38.669955054381646 354.30862898821465 
453.56434388431387 400.74738173475816 44.288656278486066 553.8357606846516 275.4201661453867 433.47898851208873 297.72642284316703 167.62489709479513 76.84319586520827 413.3149188739967 325.4164806460578 538.8256969879122 348.63947544235225 143.53113473057942 238.70048250778387 477.0751545348607 447.99425136102764 473.15692037297686 434.0350164375975 235.69091766355243 
600.845208364941 506.3152258801254 362.18015441277703 302.18238225842464 21.28467930254137 341.67800902641545 99.96362420835182 273.1734783402226 356.5842578356024 288.12983580293576 208.21437680351573 234.83075367319105 416.43585140564596 252.73394961401638 309.4594761181142 619.8906396435406 95.0026776460842 147.0941720797656 568.9777572701382 262.37955403011466 
344.37415669796536 508.2066353999387 212.80427398492398 321.120667396598 608.0182786131231 279.89496401969143 566.2791556905798 293.12099219654027 72.82541171365851 250.92274909036337 446.7346222390883 87.93258108739859 248.33698357005935 395.8769915803717 93.91396007188614 84.08168576985351 531.753147988382 514.9162636520465 571.7161943583278 238.65946168292598 
167.31289202054174 518.4774474437704 124.8601312857316 71.1679938752276 358.6405488666409 453.03460864827326 524.0616793729989 292.71561830317825 442.65222879791 514.0039936665479 583.3180032871019 401.65492495621726 183.61621890580983 241.88864067301245 382.89245926756314 516.7574841150672 595.9608593355202 447.75659784173376 281.5938432864841 269.01896377502226 
54.42366517741944 164.14631506525822 551.9439770451648 323.18825485722795 600.1356889427476 267.4930906571568 421.8271048203434 250.11460751604912 501.23447705466356 368.17018854366256 256.21497873960425 421.006274466088 276.5997896244734 314.2385208465516 562.5615033599854 144.69457970033136 341.3053967111048 404.9985515957816 53.46037456484625 618.9971275700574 
382.3812052702246 560.4382047153304 550.1598116407939 417.27384261021416 523.4789629358473 42.67045437248913 260.5279203677413 181.26963107682388 287.0356184972485 75.45454623694286 315.06242388567574 341.33741269465276 512.5280456599082 457.89434445561074 394.5386791508256 435.13535381483564 339.4126601004531 618.4076947750482 232.88957716400225 345.8918314336269 
113.34407002811251 105.06057130863516 528.911141965792 331.33212467485396 224.26604439349575 258.35972303676624 550.3874936366028 464.3604391831691 434.9689970717373 562.5975204820398 64.229146758432 256.5910509243018 208.7074008009175 121.84283934707017 176.21808158859204 585.8223670643869 94.47104757085918 456.6716413237831 213.95359963539823 598.5474981995919 
178.50390451933583 567.7311469763473 536.5925484075503 408.5953586551879 160.66420039884372 562.231104444411 304.977824209199 162.99571478170117 364.2196391924702 289.456232153077 395.7486796379004 596.1622382004256 137.67138935305556 581.3932543396676 193.0268206533737 143.48714932882274 457.2006692482584 444.56650476570167 541.271877988792 35.44117286196125 
288.3315549339806 499.17580799677586 92.90009025102468 143.2726811131669 415.4039515381665 311.6302515205573 34.25992206236329 297.3996977162035 397.4502962629048 216.57183077682927 523.5583607128317 349.58847218926513 259.0698672316221 374.4824864924808 524.3316012645682 200.01249008808082 74.89439582939858 160.9684225180675 268.05400215817804 560.2855800745789 
356.23867347891223 533.8154783686897 329.4789095038381 573.5628708697047 298.53007848780874 173.9091540931724 448.3051829332175 562.8033979976366 98.11053956641747 346.1131555516093 180.7631597757949 328.28806411616216 497.0049108254416 576.2002857130211 614.7137965583237 365.4867573108101 64.24937767055641 389.9291253700953 531.8547469427642 324.36822832948303 
472.3736225343837 310.3607178030669 350.62713745317774 581.2467948857443 177.6305978505417 259.5084996240299 333.4167151702828 344.25919237555576 262.5675502736211 260.41569680408725 91.64330308775335 263.5656704280562 149.53225530849429 85.75351305124799 572.3320182618908 267.36898097061146 43.707851542952454 49.03423566416474 259.76037173303143 294.8448878421451 
114.27036328718069 484.53276931390207 275.77460253231015 347.0781163262312 372.2625198611339 612.0103697213074 212.36935134109527 27.09743075248801 553.777598235108 32.33443189900163 280.1241825789088 290.1035573720763 67.04709843024469 250.08803787033344 306.0908056772914 74.98370771106823 612.0259649732184 169.2629531314248 64.72477700667397 438.20653136619836 
431.06915934149754 58.129861705272795 175.45528734455797 161.19113274735602 499.293193875415 429.37968551622595 550.4870175177408 552.2439941423781 513.2165796149341 431.62953206464044 126.42752852608947 114.15754242651298 486.2727672449103 498.38721894804775 563.3342090137348 98.5639648636492 509.7894486701136 350.56803096734785 544.7743313318077 118.13833765711384 
388.02784757764334 398.6574393172883 462.4920915370945 337.7444447093655 405.8758620376541 340.6136040026351 219.27626950735004 515.6173547187338 437.7888081994281 301.6033576868556 33.62239792869258 115.67626371263663 156.57137332385764 411.6654340001903 479.78305398407696 262.0615146832316 250.59470155295867 267.39470556916115 546.8001490872236 56.9895294126994 
508.0422519499166 473.741109857772 450.11279919856355 333.01921993729275 376.7782493922748 212.0172113667336 479.3347270634966 460.82395895417255 558.4324080849012 530.2078145304138 515.7948191426603 383.56248439518436 145.29477062708463 401.6757412607356 203.43460529022408 398.942839823339 158.61423064168875 348.357272414344 506.6564046493083 360.0728018720731 
496.8947830663909 374.5410944410105 338.7159549943797 116.19080250573747 252.78294047483004 107.32448741806238 94.25318405310213 164.37083755452355 107.14032823525437 189.84055549567094 69.55492662644608 433.29534695053536 258.8949460483242 523.3501331397704 504.1433130947657 70.18974140249992 99.26512208270458 104.29226207475942 527.2836465396897 52.012127312030735 
588.9497143053309 352.38682313892525 43.005382310825965 391.9923651148205 246.8783751186066 175.88324924717946 337.2300943223515 62.613865328181234 409.1155903636108 570.0489886106654 540.6001089637138 106.13209208541821 166.51241161958635 94.99131807239556 430.6015702101089 353.7232812564678 539.699257582658 528.9066361543591 406.57572857567135 124.35751727887315 
400.0140387301815 142.85055404331402 421.21206103284857 224.48945675145677 394.95890505774764 193.12279341129454 402.11719782517713 119.66081162232582 86.77963416678065 577.3606786846286 47.05321412310355 499.1081616555164 62.7613126472753 350.43469174534505 226.4390791657823 604.469855850391 525.8340285202719 346.24015831070847 576.709165055317 243.68586307074045 
24.082509316560557 501.47869937765483 618.1222546888591 361.1841482734201 527.7531061614792 227.52300288780248 480.61511639791837 385.4475016486981 612.3522953707612 126.45906308987219 471.29426806458093 325.05443729528025 56.43012027903818 497.39928629299993 67.15956466020106 134.28799486487418 312.6424542333103 29.160355677919107 66.65359407447681 419.40610997308863 
460.68586063051043 25.399598076318668 383.63040342176794 306.6674717481496 400.6987387064952 458.3036425673426 517.3375004594318 443.20632320785694 395.72249966315013 96.92299310213106 282.0046925381698 51.85031506124185 21.81660936243775 506.2464525268651 329.6337121895078 510.97488203639415 334.42114829676154 63.10891739720184 349.5821873000561 480.4879528175795 
609.560693772035 285.02651224700105 178.53585580384063 145.03891419830026 368.4832778308407 118.05270340363708 204.46266777896832 495.54530525729274 144.3280783305728 179.74912408433133 598.1426167653905 520.1312381600371 599.4157978696264 103.36494309078124 255.86697448246562 125.57111527008784 351.7552046922414 479.3184328405973 86.90068582646651 560.3325095326979 
219.35989308307626 40.074573523172965 429.3017726703199 260.31190745514874 140.96867926759475 484.5123625295441 527.6913647649227 388.3570788282462 381.76368585898854 287.8756704142109 356.56814814979595 288.66978592443803 182.67969627060955 393.40128124604144 422.7610594787928 427.1826633722409 361.8985594433852 431.71801672075594 130.6138602064287 539.0039233279024 
327.1223470065961 264.1104969554953 243.49540562950645 54.02373055503134 507.2192265057716 195.74147757110657 125.22938131040111 221.77587074068396 361.83549800622654 554.9264188006601 395.0372011772738 306.6486415952567 277.56769959146663 284.5540429455507 179.58776383165684 174.53850512805602 209.28860904459475 341.7465761508312 495.7480787534117 142.04050664181676 
75.2207387779101 451.85364092750376 247.6280968352861 509.2688602572414 464.3511736505742 112.87323164286481 271.513922339961 347.4018629730232 564.7813889726704 496.39377069906675 412.28283458912944 62.044559424168185 571.6059832721497 441.1508877273653 564.8940506083368 403.5030466528292 382.91390500846194 285.29273623393357 564.5488671434995 345.06417633059255 
342.50604075413776 433.4474766136661 559.1140909210885 600.3743425807562 337.9227753205609 304.68682490447225 47.40226592779251 501.01117989476427 312.3754226416344 457.47931855022506 516.9027093996599 105.34184588029181 599.1752049468037 37.727059964065276 564.5568876482748 359.7617088647963 37.25360304122094 445.97978138520625 134.1720137738663 283.4071195623786 
176.36756299953248 469.9198085366564 54.06659955857967 497.4361002388146 30.583788892774226 78.21180681013996 608.5416692462243 369.9705992901612 188.63539674848505 221.81108865131065 26.771389853468435 197.7941580808443 439.74490455366555 538.8240484768025 522.7069106554152 195.89868713046312 423.50737441284434 609.0146870804978 269.5871262573926 215.9741403806901 
362.4272480470887 354.05084103438696 242.65013354415174 64.93470863557955 285.7028482084125 129.58392257920823 413.6391013886557 444.5755399537325 502.8520737843756 605.255906209648 130.69636364478492 483.45346950483275 235.77324775628114 278.72729145336564 267.23935148813166 582.0856191475056 467.83473966308014 619.8198093410663 73.41237679488655 242.55970239853355 
418.58712950941225 190.86770488489267 413.70767251661414 503.64961341843633 602.6917180541719 39.3711440152925 24.349706211270245 352.5301937979754 381.6590744221098 209.04568011164648 374.0364274981157 34.18481388512003 266.9913589196306 365.3614939796987 61.63119290562669 329.59965796668786 183.32229528158172 281.6660697198273 34.399104875980505 223.83828298896984 
50.148338005214285 281.98414103860296 260.38151286556456 335.090389305386 190.74498499403143 86.58866432498647 438.50256976728036 425.7883865465253 426.8618839857197 56.43649658142307 80.00129208074952 466.88564392678586 467.79043711771766 582.5625658236218 44.783182459082994 476.39005725679954 152.39778903308058 316.5263237979853 566.2850105798175 503.2467817427226 
52.72086264706018 88.00417475316726 548.446520396036 477.66381201540787 97.71413575207944 305.6216656443689 68.38275359259141 398.9741735339214 25.745041628589973 187.1191270365061 368.3509495284301 282.1285006837353 224.43073601332483 114.94458137729947 570.6055282056534 33.911770184407125 466.40968890933954 163.3677286058192 98.73496008411855 179.97783548697555 
199.64242920498975 593.208544135595 339.07448972809846 313.7956157125012 600.8345027252337 60.27444669931719 425.78812818349746 88.60065186720891 350.57602085624103 33.59971861573381 183.21387660179045 523.4458347118265 38.79107941376377 69.58086327452273 609.0659670480981 544.444914202565 259.0910538573395 538.1018103875075 232.08764938577482 32.302661936561954 
200.62548414457223 146.74251522119766 227.7485023999015 397.225470862817 96.02422005143252 359.16486682937096 125.57990981076814 452.3059820594944 234.02463413014164 153.7695453779928 291.7424692333655 506.47560777524245 195.37766700789317 118.71768546666333 520.4190775519844 148.1187506417772 320.6264093799668 229.41096318714364 417.6274473548948 540.4422708606443 
368.3509630487449 404.52399511559145 211.04582919064418 599.694166674298 72.47345076507656 486.68269827149595 169.44562723571931 577.3250869796374 457.2167697020031 43.88242324401955 565.3247412496411 317.1864938726395 118.31085549927805 337.7395139890855 64.33531793688877 608.8591431560648 29.040404866215958 154.6702271973237 175.09971329928368 608.2057587134018 
579.7274884051757 146.09051721471909 143.00831780579 46.24150172580075 509.24306869843844 473.73069541199584 421.5931577220723 97.41612404620935 337.1410654271585 106.15849233632393 605.0708752529363 528.4014379998971 455.008736695988 262.60439296058297 55.648898021977836 498.4779963959316 385.62705856518755 250.18300135153493 609.1885570037624 332.6144853786901 
468.5350016039286 490.6040681436786 92.81886061484435 538.333934010342 180.59128364858418 82.46716512790297 338.0947421934794 487.4601582767672 50.12749310936873 395.2334123539468 123.29345728190145 533.8383422421706 473.28625588643723 540.9683269923996 28.44293452996816 88.12351826168062 491.1381480138243 119.94942734301814 136.6758147485805 520.7307372184817 
336.17128190219256 186.23227231478708 465.50283441018166 314.0404001221282 306.747129717969 129.26872622668822 361.5996055194733 34.95299353977188 78.11636424834472 317.6713572423759 442.70007711274354 48.886445387094 308.5886250065394 101.21739718950458 20.190842067651452 446.3102228512698 149.4497529983432 117.18635436118865 485.99982929171944 202.90983153724216 
617.2203259084152 597.1247562241732 97.37316499176853 544.4753414009659 536.8493366406918 120.13199293178963 543.1340336651898 237.60783548936183 114.43659216152638 608.7607966808037 225.0171213496124 77.33751880935094 348.0777426351396 513.626305458488 337.67252988638944 392.7470748916713 435.42553121104856 282.8173490370392 180.93298166292422 141.6942979444913 
286.56119680479316 562.2036867146008 287.93776102477227 315.7274853445095 400.7696336426734 122.73307158847712 302.7075292172741 126.28749766114929 515.8121192124123 60.81174121969553 290.76340093312575 393.29017212721436 388.2903440305596 567.8621513599735 516.3843701518098 507.18284028942065 213.69549675402027 115.15182529149872 270.0965493432167 85.56881903645422 
144.7362140424484 449.9867465302708 79.9881621998823 395.4933441060233 316.53899223669583 549.3634311939657 390.4438925509713 162.4850343156234 537.3149551966748 27.17315695890397 141.89253409278132 337.44642267371006 153.08675864810803 241.05220327513783 35.16143183018595 142.48731628056743 545.069127520521 494.9718345740929 414.03173585971723 466.7948564516934 
268.2971150799859 83.66179620116205 49.588016503231245 233.63385768870847 590.0956205721074 274.9610503373393 459.95606025718325 309.5713639858329 336.9838741991506 476.18945458706463 149.0226593170084 277.01900556728793 508.6089223554683 380.6343116620438 497.73102191665413 541.1870096070485 267.30142408412223 240.24529167253934 191.54562965380836 192.54356872570565 
261.8480375480182 560.6316509855474 217.68028079957466 395.8733537606441 594.0736136011328 264.4554503270317 215.68314129279273 427.0288254304593 86.82731879095785 319.3145038626528 114.97230548929167 28.46831467410216 61.966356382927316 176.20884687077967 142.91598787961453 304.6742625351237 386.9308578851017 314.684431390481 237.05078079027598 328.5458352406661 
298.50398470279083 340.7477972251501 45.03181765014444 579.8591310019879 462.3507364054665 233.6455662652563 245.90878198637714 486.88926124139374 476.92935771415017 487.6023331672932 76.32114128561588 292.2876434717638 580.369041857305 44.610849526247904 495.20674705054955 214.3084800795147 268.90771064470516 64.36824892224791 370.6171846578997 224.4780776319214 
485.48359125905705 127.45191940606604 222.234045640373 312.8008155567432 587.0743030596178 617.828971969816 603.1793763585347 61.595450107520705 49.377375563261964 580.7928713343847 354.7145069775856 99.05562057701655 617.4256918501738 302.42111054470735 117.42068905858305 353.62810509136654 560.7318366741422 606.6476521666254 432.4554998099277 380.30276894333724 
441.5549374019533 616.0437985293628 116.47864247433301 579.9079092594484 354.8838384810581 72.40133450676505 143.8409086721211 282.50466626810663 548.7303719035958 463.2117438621393 419.63014228243264 215.974325662915 83.32639002236414 550.1350163144069 377.1677873989134 230.89224938352893 337.81830083507555 45.55208327886926 83.54998064087023 102.7821475495153 
523.0531073686191 133.29448437691923 486.82676588610997 582.8445495689906 109.04925765587348 479.64494056978134 388.41319948147674 218.2530128139091 425.7465081024684 330.7027802274357 474.3262503327286 413.1121191087557 245.62818273196302 42.20776434770633 288.84102600130774 151.17068566580554 106.80992828882364 137.91628852911012 584.1602962648709 351.3841736584812 
285.18828063244723 542.623396153734 229.69078715460398 177.42001163861053 274.2432988638031 385.9247547273256 414.52033762559415 172.1994459502039 581.0885692068945 122.81190019276161 226.6893516401483 238.569782867049 597.3626070988478 67.19495927860731 242.85055288371225 437.20084471311486 253.55529478695632 384.4461502285841 311.9105151264145 122.79916047623989 
115.36312807663074 539.058178096342 66.24706932720413 89.73386963628818 130.66703022798782 543.5110976426047 44.09597555698923 548.167989358351 385.7264306491091 504.44138003947256 256.70088484182173 501.7887153181404 179.18348708310572 512.2069665253255 383.8201712275155 48.23076840837122 272.47105505970546 69.94218379590853 531.1844937638541 73.28615807993503 
125.21819837187958 608.1959600582203 433.49878046848323 559.99446844398 74.24706339529561 381.2475249868217 536.5823553878464 83.70719435089367 564.754808193101 591.1928849876913 142.241075158844 414.2199966438361 292.27425276162995 335.89618995401827 549.4650486670796 496.06648873944306 64.00721405079162 126.89950196612874 275.54591796408 228.06751761066005 
138.1240803560192 273.3848988356549 190.70718910273678 413.2294306249211 549.6234143719539 378.2825347048496 549.8415865830071 400.08537624925356 281.3454747808715 342.61838049478575 254.94907652931266 486.5730630202956 288.73313721198593 424.1955927487708 431.8693043039088 107.542957735583 536.9342787882251 446.7029877955569 154.9021766142826 376.9907093623096 
558.8391473297495 205.34464577460025 502.91051710313366 506.1071671821922 592.6464977988604 265.08416168108346 280.49822596565605 568.2403742249754 507.55239703517947 97.59742939215639 487.85800222277817 431.86264075865546 476.1552424372845 253.02766805708913 572.8821798944849 432.636895604675 302.17088222863606 412.63646505408235 249.13057129898905 505.6758447292616 