295.66798357050556 589.1771575831133 323.49790002628697 192.8960976452528 436.1467106804134 80.93224595246889 402.0109443281547 164.4657108175305 268.3915031613027 101.57881247530037 105.19048495814145 86.57001686542291 404.9959470497846 401.6221949969054 544.602141303045 574.4465573470883 532.3488926095287 364.2354440115826 353.7493747532686 345.7174417126344 
584.7119786156999 377.31948910126044 367.2473640987362 324.40157764421065 336.8882846713437 462.2406160505501 54.135038550482676 605.9007870877011 324.0761601260958 605.3388857898188 88.91901856254303 204.05395433526527 547.5017707830538 188.30137889256466 393.94329733020714 51.352773607858595 174.42430020547795 63.49380290137454 536.6783103212514 273.41279993249464 
391.1073602202028 170.34451161163605 515.5232033644725 308.79365239532643 117.35055189977521 138.87436182857496 117.71506735154114 395.26216744262206 241.17472714985266 276.46645225644113 582.9387667922165 93.59200709389297 382.2549592391032 483.9692549720335 456.2313135632228 469.99382819328326 542.6946695801273 197.22702767919452 463.77432815421133 508.2694326268602 
353.73489674690245 200.13128094701713 595.1685084586679 72.78381240693646 176.99237408433902 105.28686229296534 325.7837333498106 293.3489163527632 68.82010238210987 448.3867040049013 462.77861827132386 193.1126186449343 566.3843566595915 492.38862221963245 448.38327972307684 530.5469707926973 404.0515855463107 387.58831696998703 104.0389425873898 176.62925752464693 
218.67924512275147 283.681938366286 548.9883572823679 498.3095760437796 452.4041821681039 539.9122747469061 376.9105668105524 369.35900901023183 411.5222376408986 129.39210230738956 124.19388787139461 579.6917038909814 190.05297591175167 83.69863134338654 613.4407846866037 564.2549603322736 116.58329551078155 373.8325573244477 105.79850417722044 522.5808214783317 
332.98338434443605 373.63573687057453 145.70903938275887 550.0932127775869 263.5892087680811 601.7610370816781 131.67241940137228 552.2639766784914 283.4449502952582 588.2882397110532 396.61677204197804 62.71197639625082 244.19926193522852 462.07959780685377 131.46916193764673 236.33868420776605 466.24906639374666 204.96898442720308 35.52091406174265 238.59424417183823 
155.7247368362441 268.8782444639704 527.1809560095444 201.96757225342157 354.91024386756703 201.9545327186545 298.7112600257461 270.7943809309671 84.69215860127859 479.8224057275987 148.53787790743243 405.47678514295586 287.6312340534708 288.0444817724168 374.73145753794813 367.20832747883395 330.2502446277234 351.8841728223005 563.2508548806622 54.298092881493034 
173.1319266255597 259.46461129812457 554.5438151246663 511.1876747705853 467.4206950786884 274.4171815277051 322.09821611199857 81.25481037531392 186.3219217228545 384.11364020132896 246.53783432739252 124.4973622493681 550.1925790496877 279.57539215910003 418.8562115167571 71.19142352350909 153.81687879418084 513.1538387639966 156.3825419822534 132.6172641016114 
554.4607053238395 430.07546801019834 265.0731452091303 139.94697135158745 329.2986645121117 619.9453398700216 531.7225019867108 532.3873728568973 160.80744574412813 384.30300706793764 79.68728903859139 265.6721707759949 258.7191611751706 66.32421633097564 571.7175825494238 361.99687090506296 377.12859681835954 238.76251524060163 393.4885449039369 372.4903599954655 
235.34791888257507 96.22430196035708 501.42660856337466 373.3168798241617 101.10281017023564 547.8710808661302 168.42390501880024 266.50208616561804 244.66349501933064 256.6427876887743 611.0345370040424 306.57698139659897 522.504793002222 21.095808615145888 431.74658048853496 324.1335027596892 299.0885391662017 445.9495435462335 559.9235353322327 67.38544325821701 
265.3623724475251 197.4350887846178 525.0089367792644 232.8285185008727 62.56867260839235 489.540153100485 445.5878511428579 306.0932788204309 169.95715111992922 597.2434561130065 467.8991690238744 284.0846844552208 464.9951311504988 542.832816813621 337.3922450718977 299.5019939439206 614.6690265527418 251.40037339301222 136.92171269460027 118.83282375545537 
406.4710237162374 221.60885162567422 375.1743490597601 34.915078478407025 77.66441806465696 507.8226135465009 358.9214298753428 25.160453129521734 251.4215688311644 359.6970773378623 532.6907219832749 196.53332760513146 38.428241285669934 415.3205307342473 219.45149513779126 288.37884871238805 412.54784854250784 494.001834985619 345.906607126669 354.193782875665 
319.1396526947859 584.7979388685513 485.9851017207594 93.43402883234099 124.62444187432816 176.8748651891811 106.1294764281413 454.45255669760166 165.89152393638722 227.79589704206637 245.970867313329 479.661327436348 308.1408081779047 215.83085425674994 217.98637491308332 514.011294397975 569.7536772076977 272.38006659671345 259.73197967493513 247.88378614225087 
22.786389084909956 540.6067866210271 222.24490885175226 615.4874929114679 327.6798683062992 256.3719751088071 128.20918491040658 119.85433362535323 610.77943353372 397.56497396902245 183.47808774776948 305.52845704634683 543.2585128673517 97.92395930262737 375.5473635901043 450.0416316399967 430.0396576275697 571.4399264680226 542.5728100510722 95.26913025658122 
467.30716920156163 443.43784500696705 146.52604787267836 589.7597262569236 277.20452921818054 134.42891856622506 134.08222058308365 563.1335361695983 578.3108000856421 92.82743120987823 418.83349071013674 203.64145514259485 600.489458846807 22.62629854186971 468.42173850842624 559.9800767388301 602.7036928058566 402.1246575122139 430.18468499622804 438.45557064732805 
402.3915885886644 539.8015909746989 378.90879608631303 216.5905752623443 574.9952565017172 163.4295488572788 220.2829526785308 444.2676189353908 532.2374336105962 288.521289321735 533.6464893672928 53.50297039024528 437.73946882207275 462.20398671042256 587.6254480510698 347.94458856809416 268.57426468327014 428.61445929678075 112.25077873713307 93.18790699000262 
281.3481194150781 611.909060819415 161.15220418854778 179.0033151288414 91.40511988919481 162.98206811702207 347.42154776187664 474.56893329706486 323.74778319682423 465.986345772427 86.73919190876865 447.8025748349067 144.26778974338112 550.7500172649945 231.35748904163307 269.88655916061543 329.880554691065 407.1828296623668 428.5348950545861 476.0790593609223 
86.15732422146263 147.7660441688003 287.0144996783733 203.90599210018684 571.048556851085 514.2195976755856 585.140764193593 179.82689659794966 33.29243273419056 174.44022010932613 304.20812726987606 575.4686897539335 424.102121545699 405.8043197787823 420.63538333266354 204.5211330905282 490.7256027047157 310.92932598641 340.5594718734972 81.38756331567299 
310.47183393435927 61.987386041915386 610.4423988211794 112.68482499418545 373.7969143969169 419.6649137189759 487.28512061469837 42.68604206706897 75.04419486221346 122.86196228837332 102.04217020980435 323.79997448186793 619.4317084569675 95.22511139366603 299.8305919095775 533.180815720673 104.88117396636157 164.60757715209456 590.5271832979444 306.5620836115292 
487.28186923967735 541.550257098589 593.3476424589219 110.40835739183788 87.7833986834562 52.87764734333809 309.00128348441905 523.4786519903038 50.71099661086045 76.50216027650738 103.01536995855801 48.895178025669786 510.6971356208383 473.530677372552 233.82250143358064 27.81120249286962 177.62322929726454 363.76720070383936 509.20495506380536 175.77183463076148 
597.9650598208601 540.7051560840816 204.6897795109162 212.8612954798814 301.13586730555903 272.10319804024624 327.488225892318 408.7307236121455 189.42068227829324 582.238315402606 259.57340676315323 613.6000174264113 280.09573529585236 461.92990442731235 163.4899243659072 496.32755638545393 458.326645817194 202.4285680080203 284.4891400911281 260.64152063533743 
49.43923773590684 399.2634107089594 432.58383085353734 60.62664691238855 169.15663451737043 322.1416552312038 78.11615913691148 86.56004630143735 360.39631594242417 96.99416676025615 244.43244760215663 442.18993516157803 375.2211783223971 496.2607063363469 131.25872524509043 84.55090031276455 110.53795385188069 283.5088260309953 152.37062987566856 247.40968838029457 
456.1370890786245 208.47982921022975 421.15158473134005 519.4349928690006 163.6675767377365 98.65584724881273 67.63284740731075 498.1851260461885 195.1407023487691 243.4416213787573 520.6091924542093 291.007339777787 159.5561864118259 417.054777285927 438.42421474624075 483.94255275664494 396.24486688555555 236.21836442228937 122.01856346513875 549.7291275680336 
613.521192676793 498.7493627109952 393.8353396721604 215.9995042051258 541.2396862357595 499.13695990429346 276.1759807244797 64.7635972300579 405.84897232201286 267.2043335638916 352.600788512303 184.27237427304294 386.5369811822114 25.947638105759022 245.96742030271238 44.3557421122089 161.06133894727876 114.64604263769299 396.7014768148194 516.328073090011 
399.85851325689896 573.3364440357218 474.8926895965176 108.55562774899586 417.0255346939501 334.74673228010386 109.81061433964992 438.7791572689339 136.76801849899692 319.7813442557056 570.4333903184087 114.28561525266726 283.9081864480468 482.65265670208765 180.58358434649205 141.02291064320127 257.04685923284774 201.75229873490494 402.2645497977329 332.7511261700243 
492.9728197135923 162.35584968733144 70.79142190373722 541.3241475182261 80.91359337923126 427.2548641123174 415.31006811453676 279.19541819104563 335.2212922544177 341.40977463100666 448.2981728503237 55.24160879722362 585.0871617865844 66.7176904640445 257.64186036689034 94.99785761926319 189.87885693178893 92.98859315727344 484.8818786006482 66.39835778292989 
538.6938500443629 21.223746172868843 223.22280583037957 582.1161579904649 342.72304596283294 465.2902534812039 518.8994058396067 199.59570626868464 479.01807395237665 68.08517702279516 409.4934101324505 389.8721780380262 594.2562559003571 178.28334040059647 182.79499146766145 496.27098831360973 427.09680536181787 483.7621437353763 289.8022027933477 254.08161428099496 
357.7221093299874 247.79762880315175 95.45251620697972 592.2991235873559 43.15784849435161 144.12512385776512 200.67993718887237 188.52740495064802 146.96559775496837 436.9584256256294 219.39157392386912 398.13781382222476 321.9018102770797 402.06124573673145 243.95748117625027 128.7768139630815 554.1368581471346 434.9646242690638 582.8072696122848 181.3166093011294 
527.627831748601 42.42414048858532 503.7275280232131 128.3423424593295 217.23890055878292 63.21054746596054 466.45370580527265 351.2696442157166 269.2030492437301 214.32770982600854 478.14998905949335 407.18639191708957 277.51882634956667 608.7515115442479 555.3713585800251 46.512170534754276 414.8758702934941 440.78353705054553 426.10112616526175 352.56961177883 
26.703060059168852 385.1131791432101 555.4580704652992 224.1608054461644 146.93291671890995 405.6820976729461 128.66657161800265 372.2430791177744 244.0761165984812 420.444588622691 374.8838882389639 151.7975326058371 56.199764558647196 618.1177383689211 165.47790002170098 299.9841717609641 123.40325691680758 173.0150434498536 370.3495176279095 201.67749742636084 
176.3854495381347 454.0573303929958 605.8930875944674 53.47617510253442 89.6968488608104 374.0546246350304 358.18875700853715 447.2805204097468 458.2706799655852 475.35276285335084 415.02068447101544 444.53172542521605 605.8264466362448 97.93855420443181 90.31442283985608 162.2063151131026 383.73982411016135 326.0971015040627 274.58774919382375 241.65989750508334 
268.9726380463126 359.7152621882165 295.00820045298116 321.4135672094472 419.65662288845266 306.3246142204228 118.65146939705896 584.9771376652243 96.92470868046746 139.97820629775583 382.55415644647553 404.802628774508 211.5837127958812 323.0543547032958 84.15464302684785 253.46188581614103 504.2219576507826 137.08147558453004 315.71606914973273 603.1421004907498 
417.34582944293356 118.6777201549164 376.3248010508278 84.55293565671127 268.13880345667985 146.69907526264595 345.05848327708156 126.3390290773853 80.43679451423239 476.68963870929935 348.91714600056105 46.09161797233137 184.51363974488535 568.7280312757724 109.11142171738886 314.0529926376179 43.270272739401165 304.76344473179336 99.30122141019571 60.60766844943957 
313.42149013844244 541.5352207311812 399.3790450318033 248.65380123186594 100.2741692356211 95.16965209414919 78.39132556241665 81.94884706164758 114.69029673189455 203.54789690845146 90.19185185793926 170.5230227833418 390.82900249800537 62.53839743733827 215.4207008341262 324.2543850233996 573.2610612997058 182.1880921271233 533.4027823187193 395.69930302354743 
132.04975682912487 458.9656204773455 57.55943158662829 143.2720492047887 214.39172745921132 410.1506615448364 317.92699644810665 235.86727831201023 591.4116925349583 166.4629947649814 224.37610871484557 70.01907881738477 308.70471885147833 369.0250617632682 494.12538574825777 220.69044342847502 599.2197875518366 466.75170277703035 77.14327426661421 96.78682896818634 
367.0783881499342 460.26101176336914 163.03192963680465 122.48760329864093 500.92199378866616 488.39981841027065 302.9865969582236 515.4891255520438 425.3820326799381 603.4777545379477 130.42467773719517 283.25315452260014 449.26620536641553 231.30351592543624 513.8777472937642 208.35441641917302 219.05482980681654 562.1171563500678 525.74061282195 544.0210581251811 
536.3010147507903 68.51207404868232 560.4710929876878 490.96166964392745 347.5283836383258 496.4405497399434 485.8341306582815 76.57271363456914 65.22013607868959 25.396509827664666 460.78414763535545 407.62003230587396 328.4931110293079 243.86926216580213 203.57935580314523 217.48832768750208 462.05072366621016 336.16206128930247 443.72169663565006 579.0921469651596 
442.00837301122465 26.669004622303 241.31622629249793 404.54230019180125 127.18528618485837 577.704389259123 207.44373000575794 302.6613806420268 464.45628459134343 486.97788330804593 209.14021758465944 115.44217654105161 126.75745131582633 80.80954751601841 92.57713291428523 204.54265784643871 392.3393236209821 549.178289152029 108.03595162693965 508.91139386919883 
23.861415479443565 518.6976274051018 270.271075818182 544.6370720014022 455.9217521438564 609.6124103891975 437.85446305776225 68.11586157819713 349.61524404269215 172.91026913363865 45.09618914009233 273.63039595939335 122.71463117746134 553.6416140542439 170.13422536229905 146.43416603233624 614.0677671949305 576.5418385843802 572.7875269564781 142.43505798809474 
590.8047820850063 100.04949522798346 85.76598615544616 315.5716274070132 356.94936206446755 34.81433670152299 492.831163234326 563.976159900383 272.02728773620413 572.7886879136198 377.50129983343294 616.0179985855759 538.2664556730996 122.99620685218393 375.8946843669874 527.3210411198985 364.9819223772199 600.0715045981276 617.3047978271996 209.84906091409576 
168.73970849547317 261.66466912447703 86.10128743651205 264.1527150176281 417.8932285778344 440.80415862958966 588.5502456313747 535.8718351821216 480.08600826337715 469.31198836389285 158.14776583441844 167.5869674131269 381.31439771801365 238.3649404494065 483.06036425711045 67.1136179357887 135.14422484113211 592.2954300788207 289.2661542531369 463.33326476187585 
450.6748601365696 301.725994521854 162.99035799424934 170.65469560178667 377.8446948796381 512.1309086855615 46.029117984743166 133.19940497354946 198.6716341157439 113.91890706736365 187.55516189386375 169.80496440995253 23.022396015945915 430.1305024364184 285.99918040429844 190.93990639084532 297.5044292313657 567.8440017815144 104.60058331475757 508.62407613487875 
386.0740207247245 329.3835981024005 194.2215874721192 210.44806787365002 530.9545800645069 129.42349106122944 307.0180201391942 518.7855164582361 52.458641367587845 114.081875516915 434.56101936135076 406.29199950188115 396.3075197019901 228.09822792832293 554.0030283491028 88.78436114195618 187.04218548735102 126.18800234034207 115.88200168934698 566.5941276883385 
196.11924453093434 374.66828663816364 257.1576182633553 135.48878600819404 283.2857436989571 539.4481061007211 473.07304764529664 338.2546887916246 519.8264082291216 106.47735856240848 231.43629284715965 378.0353262557247 252.27744642652118 530.747920692534 562.9146159507138 564.5187686646476 415.2001209471057 259.94074429873785 210.93587726740304 114.0678985238161 
151.60831628819398 528.8127637957782 274.7907281906001 574.8872859997113 549.6435922628625 270.4172236395392 229.52900111314287 498.320527589052 254.09162674226457 40.25128710080264 156.24447350304553 127.37156631266946 261.3335419130607 199.42463799664884 166.34145232831776 223.543943097993 556.3262363810826 352.9428607581046 153.37710111392732 303.0917345539143 
200.20518607597234 589.1992076338944 156.07318380960749 503.775746822336 27.103509952491073 416.76877533737263 566.09096446726 53.21891293515047 58.78120600772401 444.59856135569623 364.16311125024185 459.95450359409165 95.6580809186271 601.6872657661226 118.17619625179137 98.2610228062809 92.84431905227859 242.34865299531356 426.7976977594093 607.877438526048 
79.76230803059386 233.1521203194645 442.24114561628284 79.69250797713693 131.95359954664343 67.63426518939448 55.76321349855691 348.5020132087684 453.6645555591068 604.8752009964297 479.4865015775513 63.92765314862286 579.8046524393164 378.0333641893849 508.14175527120045 560.5911618370557 455.87109601543835 568.9325847102155 294.32325908346616 98.63775226313084 
304.4334026935085 294.79515818829844 20.85112888425678 195.70226326180273 536.7719169946067 603.2145979835971 203.83436232801142 521.4120239562149 118.26376422569338 321.46197092155853 310.02828582686146 375.52000542942466 346.1101862716494 56.21941881407662 322.08013707712274 320.7621981136007 147.99893356963076 189.8347472576272 435.25667636488924 91.53278011065287 
360.29545114690444 469.1906167476827 219.24744495007246 449.47093893642113 394.3565809571108 533.2824277068866 528.637344707591 607.0530504831803 249.56066591761308 275.59828694459776 195.642617770933 390.28399275596917 581.6476124799908 287.3950264458813 88.70360084345776 261.58130264785007 284.96288207295663 377.96403304646816 270.5281496383758 273.94602036483127 
197.1988743724374 317.98043520866554 139.17964902492355 377.5138180068503 85.22776661541508 502.02967814599316 185.803052836491 449.5803060893823 220.61939261167353 376.4049932783884 552.5829002106543 369.1941905079933 403.4378188683463 428.26969044774626 124.52708769299952 607.4120977344813 242.91060828311205 482.27784593086045 38.669955054381646 354.30862898821465 
