300.8956362780084 411.5196646763484 146.39491376437667 245.17048616009833 362.5586917615883 209.51552997336486 321.1500710713663 155.27641441924695 265.7005068301787 113.59525174265488 448.6821052800407 74.73618253887147 496.81059018958 161.49035102452052 47.707401044850705 240.75650521681112 143.04332653932778 403.9766303699091 320.8060495093769 399.9379570491338 
322.4782398494216 21.909617557037457 319.6826243469762 135.1645434904764 69.24462451110585 480.6439269784832 425.6430785872914 105.8537442577851 175.46385879853472 255.0398815409154 209.74074604594176 297.2703841268217 116.96251577512295 283.2603747038305 362.0447385111623 499.6073079538335 314.7092247282561 432.5611180590794 504.48369642767886 362.53600253020585 
108.9286776629334 385.2774664190983 326.71823266036074 495.9303767957835 447.8456706080823 478.21086523279257 109.4948966927766 212.4666902817776 418.012428979797 153.61811602227547 324.9350919754528 132.80290463888076 368.17229674504415 305.0065232858619 128.2118967135407 499.0403922421499 503.6129231460889 425.93807758232725 180.06789670843608 167.17142201460337 
452.96216456492573 95.04578667060476 364.627259939828 374.21514411954473 434.37953353945375 455.46535784870446 91.95512797510929 500.7456091475575 273.09677386383873 471.88517572796474 499.817416056885 174.51464403102244 147.2602484984801 373.41788661983855 494.09419008776655 185.87286326707135 64.02853668280156 315.49666415648426 192.2997607919637 310.6919468809229 
192.8783032306024 418.9991879255923 459.6625179865402 261.4911098079362 308.0714452457076 469.80254757645775 352.2178128799075 112.47127783122939 217.23688843674853 186.97224946405194 406.36680329700494 169.15964515874765 178.01984827900668 92.78828124307263 339.35453622112755 378.3680281937903 429.7519840815069 142.81152696272508 350.1203799922361 499.1681487935887 
92.09533943838937 399.19355885472953 334.9737788031954 380.5867437545924 307.6133071329408 155.43300523304893 457.54872123054895 316.7238685123444 130.22176901834519 45.78148717022106 137.48978740785742 74.99738492685981 286.47340679966476 297.50244630336834 147.32305854478884 318.2168186021654 61.62844972511105 409.1858229071558 131.96493593921403 266.1896389408485 
187.46488863872966 163.32175384986957 490.3220898555603 67.56319581104663 233.78136652320336 506.33646191143276 183.43550718557898 477.6053250485329 130.54574890786603 454.29342784843516 158.62191414413613 62.62686784720027 72.64261779824353 307.4629310033163 204.06562114727743 276.74903802950297 184.17279308505334 81.96317277735803 173.31394319059612 381.7190200858985 
444.2579127474315 191.67604268759507 144.12929130393076 305.47674315072095 501.3032987428978 38.64063329388006 201.15109212570962 160.17594185733586 127.67223303108693 295.1277313542752 156.82062744767993 265.36272863678 191.724673183369 285.5982536592664 150.02198430095103 147.01482938093062 149.17362515764515 501.74893313406767 186.89212175241198 108.14442018705361 
180.71228837211956 408.8482273848024 313.2533157629697 91.66789964399901 227.86505282159118 326.5656472444107 233.121059057183 181.2455455527667 304.01548944709856 292.49761532980943 312.7403905083852 210.7944166187401 82.5644768323973 441.59305589144674 34.604114693772885 78.37728782082891 389.17162406455463 59.68160617464723 90.90567378200525 485.1710656764967 
350.0329651940762 94.30790016834122 430.8800243743728 445.21762484481474 73.14829747339762 31.07478888354275 201.48559066117565 36.6602328897465 364.53099352283414 168.69879530026572 145.88035966701685 490.1687318885125 106.31368567985271 450.9807240045985 149.14536503529433 335.25655057498216 48.702797967081814 138.89483913862583 245.70850219101757 450.1926523730072 
392.7350147358279 230.99945990440168 27.92201446449021 486.2115861419011 165.7889706196095 165.37226431008273 20.24664889433918 261.7248604729778 16.80512791989729 461.2733403892318 208.49551209333632 347.2365066108409 183.16705527805576 83.73921225146441 38.59104585329686 186.66620357523766 506.19720414083554 439.31079451377263 324.2879330803739 225.78301309639454 
497.2203260928953 36.09864030643877 128.315260604775 143.4527663888117 81.14761638783284 466.38834327061693 306.39093944602513 406.4023701685607 269.53473047649373 494.9894103127208 28.561630846706645 493.2039957079671 140.06685199629413 161.5306853248225 217.3211823810905 258.1824891132368 124.42384353632801 429.9053984923325 466.96079637455625 30.94885858549017 
231.478647466124 43.0689698269388 133.60396101724896 172.2632252795364 457.7820910774017 366.3928017335584 410.37939248490153 431.93017175194865 262.2871627438546 127.77706631469891 327.18496257091573 79.42974422761061 107.26595432650353 87.72559183582372 239.49587876908322 402.98708365449045 192.3723179031953 297.5861334518905 495.6701322892322 297.78402745748815 
133.80343577508097 229.1589873323342 97.2044250658261 289.01557873001616 465.5133108504559 183.8771625041502 291.39364712115594 460.4945288948055 464.43152909569756 14.761177583766042 160.84700730973287 384.5072535071765 426.6401186144582 319.3517078932286 399.31404899300526 273.62390390233094 146.46190547362286 386.82307190029917 88.27355308816958 200.16605533809948 
475.4132765188678 307.4807787526932 413.73851161142545 354.0349114001199 462.97465616606985 277.84624878063613 387.7302896434428 434.60330040952357 206.1316781919186 259.53177600107057 263.8751476615206 397.3744257643673 159.64022912482295 275.10895998168576 461.57613413278773 401.11069908714273 283.96855660100874 249.1736202187491 438.2135687416972 426.1355547796662 
32.86942929709463 427.81034960639533 73.82725653132648 159.5115711323915 307.5355827822366 34.65993994348198 257.7334558913493 367.79791207344687 129.2915533851271 446.7926535164403 491.5297965515448 103.09017256057022 407.77501148435925 298.59049547313447 447.94132325061236 213.04597325207968 306.56070004273255 46.84171807119058 49.960626545870014 250.59911551386165 
333.18013077220434 155.25058113064472 259.7353817199252 504.0656535743849 405.4901549259329 181.56547683979434 391.65628332692836 493.3449593803338 271.34360208231203 175.52867048680957 389.09854359759595 402.9188501175164 283.51491392763523 420.85063488082784 129.27007263077337 47.351924730155474 156.83414894151502 179.41215180399283 445.61951231601574 89.99627998605746 
459.4823110687293 220.89743765493301 182.25717858502065 360.6036741896699 215.4011882918117 46.061135074304694 219.8420653099401 242.54829791465264 119.7708218261238 336.8326177026995 37.388042677501616 225.36327573732643 494.5077285217906 291.46047593857395 499.4423772799345 343.29397266094855 235.7369711172045 127.90042595553396 183.08971792750094 345.5712925421143 
130.19129951131697 163.64984139746895 184.23455148904887 69.10814279207044 42.49033476484458 505.23178120712896 467.61549255751345 109.3219658168879 100.2530525252207 505.5319700516694 450.0042287075597 509.78676106372995 128.99666051999824 272.19157127314486 131.04254102164845 316.4175167636133 213.77493682373117 135.2590262882513 211.17029988281197 466.89020329170796 
389.50922412587744 107.3040648609102 261.09771042410273 111.00060113815084 86.96512062771932 494.197007435091 132.27483056757967 82.66482856306567 86.32815592810039 439.7564602261744 422.8115131082158 369.2649425116041 355.33135469023534 312.4684758294814 438.3009922159786 49.04258589611648 273.88798762526187 467.48052963871766 212.00009072282043 292.2439169855285 
372.18260257459633 42.07314268909101 273.81924249080106 146.71878283315968 334.1733260276677 67.81244533849605 482.57548131672274 453.6774656153187 143.45878490212215 307.58682160061835 360.96151243840194 364.30795263603943 373.46257559313744 350.7306640477419 497.68388026221976 52.956988089777546 248.88855188784314 124.4383902729823 206.22359797152345 347.5778983156256 
230.3998997296801 104.67196317127663 254.6720700962966 123.14845236015486 499.4752965057256 134.7648238849834 106.09567742896147 428.7617980112179 345.39518617175446 384.9256175091646 233.88199320247136 444.09357493233534 81.31122574419163 110.8445347207254 201.52088443155768 485.94846485213 241.3522362222416 494.6057202070002 321.2734263550956 410.58912025094816 
435.7195458312868 476.10862693731514 331.18206641967856 382.55073522442154 365.7250325738074 108.20153991040675 154.87479065372128 105.64437505475415 125.72484711117326 93.73041291683863 433.61670279514846 236.85200406923062 43.90211923726882 287.70608176181304 145.062055869343 328.81671202163255 438.8515432856262 72.79303846571176 248.15980012841277 271.6308066298666 
293.91915690689746 141.32278890957133 418.6658397853516 329.6252911319419 476.2504208998881 342.0351609820501 64.71510343234765 493.8636142857294 252.499538278663 374.7502839465788 436.9065572468788 496.0428726732226 478.15342945804167 241.17484822912186 272.35428450130007 454.50569918673085 462.4231937065753 485.0453030153048 37.1577269519509 248.06576051269295 
135.6564625734511 379.81152262624005 456.7443122063237 338.3501831722199 271.2234717131271 347.06373689754696 148.53742480858133 386.3618868134092 138.83031269349627 13.906088892834669 296.4029935707399 133.9650958857652 91.21215023319095 442.4797977153684 431.327813077285 145.99699721589676 211.1598031238903 189.83913701228616 507.7825477902837 133.70872148256979 
270.83262702014486 481.3833000673433 90.22283098069322 205.23895511170346 380.3109669674201 406.04731364777774 89.18132868183253 13.822917279840743 327.3411662796466 166.45509012772578 111.40401325265464 399.4402432399722 235.22639591168948 42.237783779070604 113.48376634123457 244.60463904340344 290.8162946633138 349.72056682918617 173.44441054979143 389.9984875183871 
419.54868808534945 306.1808682418783 319.728300767528 80.65559467946403 409.49635034760064 331.8813733602109 482.04062290138137 38.395148394817326 111.37206576333135 448.08072678468017 253.50348999277566 381.2099928039072 466.44508461503324 54.225158394329114 278.5730095275 235.31238344494642 239.32203998650257 492.52420957755385 206.17234114628963 10.540397365000889 
457.5454984770273 433.1135150845831 272.4940191460696 434.8279508307283 184.9632897338088 238.0079032500586 202.92455525414996 68.44178890234437 380.8216945461614 87.04798233924498 247.5445252848151 143.68832125773267 221.535610360581 274.0431442154612 289.65712908356437 200.7936573534178 387.0889266971303 206.31427601684103 91.79851305012458 115.6598233427361 
439.018009534103 265.83930848039995 368.6829005248441 240.20027914463404 41.931732032379536 315.2045302483585 501.5356293397856 500.9580198319444 405.5208724353442 256.5651208949547 333.2673169077701 426.70910033579645 449.01021593293484 176.8177016235347 108.94210686436821 200.75510232829933 315.0063638649202 237.1881887340913 250.99333312009074 458.6072220926732 
484.6944566668171 90.43813996652077 283.63958886538643 176.7655168694168 371.3368623623149 233.8925323677703 345.95433894531385 123.29608907052591 394.02701837916874 331.4922623709834 358.0422605868809 465.90961546518986 158.651519470622 163.07438496591303 29.77535031308103 258.2441683670446 498.01359854112604 484.08330441761314 26.54200810365075 150.05549378253957 
248.07103727906332 203.91598929203263 231.4621850653529 292.01792079320495 262.24181358272557 416.10427895920054 168.52170508897174 30.83895164737848 290.73042954999414 438.5375890259163 276.0788951845964 115.39074036178985 476.8281040833955 146.9289524834728 345.1966610494144 259.5615204844328 347.1400383765894 509.7275661865844 62.25319098836234 32.53011903860802 
297.69272599241685 357.6810811975627 220.28419004856835 172.1667104318243 202.87460148024144 46.250609171527174 288.5101217858665 42.26291382182755 399.1629433633559 294.0816721408196 154.5012440403185 79.29431694293042 420.590448378769 105.7341312043477 478.4337857538632 199.41869007239433 487.90426986556395 311.8743699088001 223.89027844973612 261.41284275487635 
378.37089620594986 385.13268214577874 54.65721431813602 306.2513012830166 428.17988945790603 314.82906212069787 411.9731376600387 419.03008365243306 44.399617939671224 448.77061071310544 211.68033790834482 183.93843333952523 228.4381556418797 335.32348383808323 225.73313549426138 327.98185195028907 237.96232204011375 223.96273496412448 337.5161262184904 274.15944482544495 
139.22826242638197 507.5030109247576 485.4252226582227 449.7987520120198 126.77638959539172 14.213255738927224 234.16485454421925 320.7511941706829 112.44402367418903 183.01863117185357 38.21430447471862 247.15116799323616 210.64877072316273 279.9926783662195 386.91641051529393 381.4420734364611 371.8957645554388 439.3429106489546 145.64165302959037 454.37228872026964 
41.46192043607987 437.0929400745632 32.480838663614165 419.6641556042364 345.21032883340723 230.6642272274263 294.91948451018305 53.0593447930363 429.4878671033435 422.56064997628204 275.9469477381442 226.4434069398335 207.05923551019043 431.3590067803482 184.05362350509716 202.75292752692164 386.0304470359656 278.2084378987415 506.5690440966822 422.36813207085373 
283.71498855758347 22.042159499432604 130.7943101445883 376.6943934589736 52.39566421755336 501.704385985971 362.3817799986004 289.63541708407257 68.9354242491561 168.19563809783298 155.4151463563248 452.66150715530887 365.19009694951524 415.23969580752964 493.64320248023296 184.17583513843547 101.17627863275007 441.37507692064935 487.3201402583097 508.88205037353856 
207.94751159817332 301.77438608365117 375.1058277242674 277.8561351968805 452.1317926041742 432.994567842485 245.47887476599942 75.02572913105087 299.0835977621041 58.86113651066387 417.11589366004193 380.7601634714368 76.60353712132056 10.689621380828564 42.689841391812244 88.27405457889469 66.17876898035362 120.0472739613998 125.54074236597512 93.54787974585997 
273.6972685688974 467.2581826401007 263.6718386541884 304.4684472757135 256.5891444655267 393.8548973352981 60.52428384535324 39.892472301091544 509.34799681300365 312.1797877680425 266.9835505802017 414.33641957540925 34.38562618007245 470.33906282711035 344.0706492088948 428.99561242173866 350.17306850515774 455.71285719915505 260.7712345212061 114.79591435963064 
313.6211271351211 345.22417490052663 466.4558879777699 198.1808671100239 258.65353013139463 35.570136861061684 102.34449220448559 385.33772933457175 77.92587268077615 411.61842277924114 141.46791439804156 485.5651768749483 499.64343925559086 136.17219421153436 271.58022460374576 219.48611257375725 436.43092007418267 469.3064449946815 460.47440101801413 182.80849917950536 
408.207448057277 150.4791218430876 268.1546998479307 61.3374287239759 166.0196839838254 501.61997984653175 95.31896598048682 317.94157656775303 268.7864393718079 34.40030336881732 182.6037080913338 197.17701135836208 489.90768027160374 469.8867737222423 300.0454044354629 18.27179594413091 55.691278562826234 203.78234962290435 191.21088157609805 352.17408599262546 
342.55038001926414 375.45754983513916 461.4500497549901 303.36724703844123 284.9247520075354 323.9750971423625 224.7240942054296 242.15484944610677 370.87911791983646 339.311100711069 448.4622384731019 458.1188049678497 227.33155435904027 241.97585146925704 60.90010081500718 330.4536720200455 421.8652375732982 449.2375081488698 10.35299443485698 235.88038963280832 
233.07646242149704 311.15158097545986 90.87710694349242 39.842403866609416 266.41226134491967 124.59950928111829 473.7717123623512 141.6874056721903 417.45058760465355 358.5393927607771 509.3756528070419 169.5378414280395 309.576259874935 248.67197520754192 488.6110457286669 45.553195339574685 458.00580009003755 44.72507828290294 178.72751717988783 267.2872906159754 
37.11427595321536 318.559520827547 72.69992070866448 375.84368683990346 253.01723902711575 366.2997398950703 416.73278646730796 206.532252807994 448.3609480452688 362.6921825419271 205.3246054260993 142.73015244483634 191.2739646387786 50.89459887423658 458.34500328930926 218.65025228781198 225.43320308440354 375.899353813558 219.57800213512894 41.72010991441376 
283.19771870853776 94.79392160986876 341.1845026084425 130.27478650270075 388.76310421173343 22.061684289144836 243.53700214872646 387.2663262468375 403.2898642299523 193.12605277745803 464.87984226949123 55.693402863405005 188.95878268350907 354.3412293293745 440.2679593933549 126.45391258049465 393.90636638254153 312.6325517714727 74.2373391269066 294.3238760095319 
484.9935768803549 302.98965995766906 296.66031611751595 182.76563318280836 280.3609526699278 157.0155478817493 416.23876663934044 183.26854887034625 358.7231958791869 180.73464126095666 211.08837702888184 379.92526833842936 347.3564037914322 274.8630795200322 320.86715060134367 154.94676674045581 215.73108267645597 455.7442414067218 129.90113872775322 195.81913171960878 
326.74395662067445 60.152681992274296 455.76070399042266 249.80544534858078 122.50186902929727 42.16962832136294 482.7402824702619 96.49567145823478 446.6107783129826 395.3330636292147 504.69487485242036 334.1077915458577 129.9229628927797 358.26571502844183 166.68632653602805 200.24328530469487 91.69567917967524 186.98384419820152 19.89255565399799 272.8000909320023 
333.1142572773842 402.09008519766047 329.2328450680143 21.74615988375738 325.13285943825144 44.05350088258269 198.16234606879706 307.4566853539096 417.5859717025812 94.77988225489081 200.0888390662534 46.318286784375594 21.52380532248609 348.67542869640494 330.8650070330234 389.30300989153267 441.7246225212187 141.40700105467369 221.80922600783754 384.2156070546396 
361.3372935742385 469.56205200448835 177.70803528993756 217.31682716677884 105.60705878478338 159.41126546551237 229.2534667196198 255.02627292600548 436.6376123503923 367.9771696870995 14.36830254389714 231.40752113968497 256.14277599108414 324.6117818577652 427.8723183277577 52.13901559093125 218.14074895047668 346.28634395941845 103.94287470794998 310.6735435241265 
378.54415381177813 284.79644241710616 420.822664855324 237.28966001211194 133.59884611348343 189.08544087921862 342.2279777173656 426.7380090977723 324.124941899996 90.88950750303636 34.91054095198564 315.18577558744363 507.5127070917521 446.90728156456555 326.8259944251063 502.1623765763486 24.426908096389077 395.69732293180255 195.36225562349122 138.20941424194265 
112.17243518359965 112.50646745147007 100.080712371364 223.93824857982557 441.67445904379395 170.2322131619145 99.4236122356784 291.197999276554 80.0262263511473 439.72227155807735 315.84055793155403 62.05736892162272 505.5575573107691 187.6144050959405 438.7873104746775 306.3033239956576 427.3772739451494 154.91966653590683 80.05008133837414 243.15964213218888 
