10674
12225
12806
35567
17824
23290
28587
21024
44035
24439
11976
46204
41915
30368
34856
11566
45308
19531
17976
39905
33458
18333
49835
33199
31615
13326
29749
30036
43535
18260
39441
15634
45709
35829
47367
34996
15581
33572
34472
49897
20395
26403
17329
40091
42509
22431
48383
14614
43137
32130
21665
19933
21339
20263
46761
22428
11622
14136
34349
12551
26361
11365
34778
39845
13174
12853
18695
18260
41132
48177
22344
40502
12651
33345
41449
36402
19720
44310
14426
16815
11142
17216
14507
20047
42422
19597
32204
10408
17287
26111
21031
10974
19950
20505
45257
34387
25010
38326
17739
34724
34797
47462
14831
14509
19449
14164
34998
31846
11903
16185
18334
22511
11666
13016
31977
14825
13127
12052
11144
13272
39209
10710
31287
34252
22594
16786
12369
10913
11125
41947
12212
27942
16935
16006
40257
16979
36102
17411
15481
37689
42601
46702
45950
12729
43656
22000
11135
10625
44498
49522
41522
32895
32556
26832
40320
18226
17912
41990
14169
17398
15126
12185
31177
40656
19996
25381
35587
27674
14983
18782
12025
14017
46119
35974
39374
31571
43899
32587
45523
39738
35803
12041
10797
13650
22518
13634
24456
46825
12472
24696
32500
12994
23669
44645
11117
44581
40882
22600
18536
14998
24995
27485
35466
16064
12638
22247
47603
19790
13615
44156
31527
37688
43926
35277
43789
49861
19611
18513
49249
14463
20177
15693
11427
38443
11287
35458
20883
21417
37419
42163
45525
35197
18298
32177
35341
27293
42899
33204
10784
13633
15064
39752
11952
17118
41447
20899
16886
15915
31405
11007
16352
46126
13528
39768
21150
35204
23297
31651
27328
22432
14317
14599
12315
15120
47906
18350
41272
11833
15928
18353
17593
41679
10812
13156
14578
45636
10513
16925
17182
18842
46019
18225
32968
33109
26116
32189
46871
21890
31463
26541
38856
26431
25947
19692
16035
38374
35230
36250
32176
28137
37298
14052
19057
31659
23950
17170
19681
31305
15403
30962
26214
15428
36479
37131
22767
25499
36551
49809
18561
49561
37756
10211
35886
27240
13191
46998
49869
10560
20370
25751
23510
30242
45014
27023
41728
49754
15439
26279
45504
36580
35462
10835
15811
29101
10501
15521
40199
41267
40948
12135
42051
35949
44517
17852
10312
34993
27946
31862
31727
23318
37780
22602
17777
37527
41334
32278
16469
14319
24312
31591
22436
47991
17559
25159
45017
28522
49386
46342
13701
17618
46720
16339
10990
23265
47301
14937
49160
19756
16260
47121
23131
13800
34661
31624
23987
33851
42231
38589
47432
35871
21321
10838
37969
11687
25395
38720
21693
47823
24082
30704
40413
19785
15039
13050
20153
46698
23057
30271
21587
39776
33737
24748
15464
11195
39340
16802
14034
12484
13726
26601
16762
15966
17225
49847
14954
37323
45484
20498
29922
29503
11311
17746
25186
23841
24614
34193
44197
18250
29356
44113
49388
18414
11342
31290
18327
16806
21419
13760
46144
40405
31261
47197
18545
39631
17352
17311
15110
36962
34599
22865
30205
18031
24984
16031
15705
24361
31303
35385
14934
46809
13419
27685
28953
18540
32505
13392
10797
13034
17318
14515
45361
12994
43258
37102
17424
33047
17022
12787
11348
33298
17529
26114
29921
30563
16847
30861
23783
40584
35528
12967
11491
28952
14898
17886
11195
13724
29819
19680
31023
30411
16786
20159
47339
15264
41351
30959
12106
32074
27967
40694
49837
15456
32644
21464
45762
31199
26073
23102
28046
14721
19034
29360
41535
13291
13043
11502
18473
28644
29401
11105
48832
39069
46546
47594
17392
15362
34810
28068
12614
14139
34524
18491
20866
24223
10493
37640
36436
32358
17017
44887
27523
13208
39590
27511
37292
40968
16693
40045
49479
22775
35655
33861
19396
26358
14923
27815
33813
19211
47045
38306
32279
44751
10042
11799
15927
11235
34793
18500
26396
48748
15219
11292
41081
32962
19482
40976
13583
18847
33226
41484
14757
12344
39225
40768
17072
10792
21841
36505
12798
10945
34542
13516
29967
49946
25743
24511
39842
36640
11849
14370
32540
44807
19564
10768
29525
21505
18320
19439
19693
19705
44806
18849
24685
46398
41715
44423
48535
17560
43319
40646
28447
13655
27879
26327
27059
21599
25197
44085
17318
29770
46038
14422
18426
33785
46457
24266
45563
12794
31512
46218
34073
38744
16430
46670
16285
15834
12649
39613
16222
45769
11472
17424
44507
44050
25990
12677
28168
34211
42344
12781
33750
41125
31935
14516
29434
17733
15563
24043
26175
17170
13861
29443
44904
26287
25718
38871
16174
14545
38735
13046
32695
34672
23476
24701
23896
16611
16286
16237
37681
17128
11221
15838
23846
40070
42395
26095
44751
48068
19336
15639
17572
14172
15344
43342
36060
26690
25457
15329
35984
10952
12536
14102
43560
17857
20612
41887
12536
36131
11538
36529
48162
31079
39479
11927
14748
49120
20700
21483
22893
11604
17876
35076
48912
13948
46425
11440
32587
46246
44244
16354
18378
10689
21691
15604
36836
10063
21700
13323
41231
22433
31816
39893
38096
39182
29843
48818
16841
14198
15815
12939
47688
16380
46498
18261
25766
31655
30996
45260
14407
31775
12577
11243
17438
21459
11176
14782
10752
10206
26617
27477
29843
20916
17635
24158
37150
43237
41709
10351
20022
41358
39026
36359
37924
28226
21478
28333
35177
19503
12630
12245
18471
48208
19888
29232
45985
27263
44247
16045
30830
10677
10661
10528
26790
40559
15462
36143
47952
28942
11752
32274
16689
11227
48253
49536
11797
18166
41205
10753
35885
38154
32901
25539
26558
36990
32289
14646
24583
20218
30185
39333
49860
10948
34304
44835
13693
12326
19031
19228
33498
19214
41720
19408
23858
14641
34591
13321
44337
45069
25506
39846
17432
26571
44786
10262
23278
10637
39642
48898
21924
14584
28707
13095
12692
31121
29306
39886
17101
11534
21113
22810
47553
28217
15362
37054
11179
23989
22043
10056
48554
49117
33090
29566
20780
16886
15569
10722
48796
42576
19565
30342
22443
37294
35914
21000
29334
14367
12120
41928
16166
16824
32992
17356
29736
32530
17130
12926
12401
15865
25829
34881
26867
37800
34457
35598
13229
36655
40105
15071
29037
14220
11698
19223
11664
43535
28640
16892
15561
35652
27184
10531
11202
46765
13456
35815
26307
12220
28131
14149
16664
28500
16608
36215
16386
20050
13866
32746
40386
15177
44635
34510
35203
22725
44441
11289
19593
30719
22122
17128
20085
24770
47476
16532
44512
18572
38189
22510
26583
29872
39265
26663
12964
17783
20562
12637
40682
47360
40298
36230
38764
46523
18156
17139
38901
11390
